Sterbezahlen (https://de.wikipedia.org/wiki/COVID-19-Pandemie_in_Deutschland, Stand 27.4.2020)																																			
																																			
	Baden-WÅrttemberg		Bayern		Berlin		Brandenburg		Bremen		Hamburg		Hessen		Mecklenburg-Vorpommern		Niedersachsen		Nordrhein-Westfalen		Reinland-Pfalz		Saarland		Sachsen		Sachsen-Anhalt		Schleswig-Holstein		ThÅringen		Deutschland		
	kumuliert	pro Tag	kumuliert	pro Tag	kumuliert	pro Tag	kumuliert	pro Tag	kumuliert	pro Tag	kumuliert	pro Tag	kumuliert	pro Tag	kumuliert	pro Tag	kumuliert	pro Tag	kumuliert	pro Tag	kumuliert	pro Tag	kumuliert	pro Tag	kumuliert	pro Tag	kumuliert	pro Tag	kumuliert	pro Tag	kumuliert	pro Tag	kumuliert	pro Tag	
02.03.2020	0	0	0	0	0	0	0	0	0	0	0	0	0	0	0	0	0	0	0	0	0	0	0	0	0	0	0	0	0	0	0	0	0	0	
03.03.2020	0	0	0	0	0	0	0	0	0	0	0	0	0	0	0	0	0	0	0	0	0	0	0	0	0	0	0	0	0	0	0	0	0	0	
04.03.2020	0	0	0	0	0	0	0	0	0	0	0	0	0	0	0	0	0	0	0	0	0	0	0	0	0	0	0	0	0	0	0	0	0	0	
05.03.2020	0	0	0	0	0	0	0	0	0	0	0	0	0	0	0	0	0	0	0	0	0	0	0	0	0	0	0	0	0	0	0	0	0	0	
06.03.2020	0	0	0	0	0	0	0	0	0	0	0	0	0	0	0	0	0	0	0	0	0	0	0	0	0	0	0	0	0	0	0	0	0	0	
07.03.2020	0	0	0	0	0	0	0	0	0	0	0	0	0	0	0	0	0	0	0	0	0	0	0	0	0	0	0	0	0	0	0	0	0	0	
08.03.2020	0	0	0	0	0	0	0	0	0	0	0	0	0	0	0	0	0	0	0	0	0	0	0	0	0	0	0	0	0	0	0	0	0	0	
09.03.2020	0	0	0	0	0	0	0	0	0	0	0	0	0	0	0	0	0	0	2	0	0	0	0	0	0	0	0	0	0	0	0	0	2	2	
10.03.2020	0	0	0	0	0	0	0	0	0	0	0	0	0	0	0	0	0	0	2	0	0	0	0	0	0	0	0	0	0	0	0	0	2	0	
11.03.2020	0	0	0	0	0	0	0	0	0	0	0	0	0	0	0	0	0	0	3	0	0	0	0	0	0	0	0	0	0	0	0	0	3	1	
12.03.2020	1	1	1	1	0	0	0	0	0	0	0	0	0	0	0	0	0	0	3	0	0	0	0	0	0	0	0	0	0	0	0	0	5	2	
13.03.2020	1	0	1	0	0	0	0	0	0	0	0	0	0	0	0	0	0	0	3	0	0	0	0	0	0	0	0	0	0	0	0	0	5	0	
14.03.2020	2	1	1	0	0	0	0	0	0	0	0	0	0	0	0	0	0	0	5	2	0	0	0	0	0	0	0	0	0	0	0	0	8	3	
15.03.2020	3	1	4	3	0	0	0	0	0	0	0	0	0	0	0	0	0	0	5	0	0	0	0	0	0	0	0	0	0	0	0	0	12	4	
16.03.2020	3	0	5	1	0	0	0	0	0	0	0	0	0	0	0	0	0	0	5	0	0	0	0	0	0	0	0	0	0	0	0	0	13	1	
17.03.2020	2	-1	4	-1	0	0	0	0	0	0	0	0	0	0	0	0	0	0	6	1	0	0	0	0	0	0	0	0	0	0	0	0	12	0	
18.03.2020	2	0	4	0	0	0	0	0	0	0	0	0	0	0	0	0	0	0	6	0	0	0	0	0	0	0	0	0	0	0	0	0	12	0	
19.03.2020	6	4	8	4	0	0	0	0	0	0	0	0	0	0	0	0	0	0	6	0	0	0	0	0	0	0	0	0	0	0	0	0	20	8	
20.03.2020	10	4	12	4	0	0	0	0	0	0	0	0	1	1	0	0	0	0	6	0	1	1	0	0	0	0	0	0	1	1	0	0	31	11	
21.03.2020	16	6	19	7	1	1	0	0	0	0	0	0	2	1	0	0	0	0	6	0	1	0	0	0	0	0	0	0	1	0	0	0	46	15	
22.03.2020	21	5	21	2	1	0	0	0	0	0	0	0	2	0	0	0	1	1	6	0	2	1	0	0	0	0	0	0	1	0	0	0	55	9	
23.03.2020	21	0	26	5	1	0	0	0	0	0	0	0	3	1	0	0	4	3	28	22	2	0	0	0	0	0	0	0	1	0	0	0	86	31	
24.03.2020	30	9	30	4	1	0	0	0	0	0	0	0	4	1	0	0	6	2	33	5	5	3	1	1	1	1	0	0	2	1	1	1	114	28	
25.03.2020	37	7	37	7	2	1	1	1	0	0	0	0	4	0	0	0	7	1	43	10	5	0	1	0	6	5	1	1	3	1	1	0	149	35	
26.03.2020	56	19	47	10	4	2	1	0	1	1	0	0	6	2	0	0	8	1	53	10	6	1	2	1	7	1	1	0	3	0	3	2	198	49	
27.03.2020	70	14	55	8	8	4	1	0	1	0	2	2	7	1	0	0	10	2	72	19	8	2	2	0	7	0	2	1	4	1	4	1	253	55	
28.03.2020	101	31	77	22	8	0	1	0	2	1	2	0	9	2	0	0	12	2	80	8	11	3	2	0	9	2	2	0	4	0	5	1	325	72	
29.03.2020	101	0	107	30	9	1	1	0	2	0	4	2	9	0	1	1	21	9	98	18	12	1	2	0	9	0	2	0	6	2	5	0	389	64	
30.03.2020	119	18	127	20	11	2	2	1	2	0	5	1	13	4	1	0	26	5	101	3	18	6	7	5	9	0	2	0	7	1	5	0	455	66	
31.03.2020	165	46	162	35	13	2	2	0	4	2	9	4	17	4	1	0	34	8	117	16	19	1	7	0	12	3	6	4	9	2	6	1	583	128	
01.04.2020	197	32	225	63	16	3	4	2	5	1	14	5	21	4	3	2	42	8	134	17	23	4	8	1	17	5	7	1	10	1	6	0	732	149	
02.04.2020	241	44	268	43	19	3	7	3	6	1	14	0	27	6	3	0	45	3	161	27	26	3	11	3	18	1	8	1	11	1	7	1	872	140	
03.04.2020	285	44	307	39	20	1	9	2	6	0	16	2	33	6	4	1	65	20	178	17	26	0	12	1	21	3	11	3	15	4	9	2	1017	145	
04.04.2020	316	31	349	42	22	2	12	3	6	0	16	0	42	9	5	1	85	20	200	22	29	3	14	2	24	3	11	0	17	2	10	1	1158	141	
05.04.2020	367	51	396	47	24	2	17	5	6	0	19	3	56	14	5	0	89	4	245	45	32	3	14	0	32	8	12	1	18	1	10	0	1342	184	
06.04.2020	387	20	437	41	26	2	19	2	8	2	19	0	61	5	6	1	92	3	255	10	32	0	14	0	34	2	12	0	20	2	12	2	1434	92	
07.04.2020	433	46	481	44	28	2	20	1	9	1	20	1	73	12	8	2	111	19	282	27	34	2	16	2	38	4	12	0	24	4	18	6	1607	173	
08.04.2020	464	31	564	83	32	4	22	2	10	1	23	3	84	11	11	3	121	10	348	66	45	11	23	7	50	12	16	4	28	4	20	2	1861	254	
09.04.2020	519	55	635	71	37	5	30	8	11	1	44	21	100	16	11	0	141	20	384	36	50	5	23	0	52	2	16	0	34	6	20	0	2107	246	
10.04.2020	570	51	703	68	42	5	37	7	13	2	53	9	111	11	11	0	161	20	446	62	51	1	36	13	59	7	18	2	38	4	24	4	2373	266	
11.04.2020	622	52	747	44	46	4	37	0	15	2	56	3	120	9	11	0	171	10	472	26	59	8	41	5	65	6	18	0	39	1	25	1	2544	171	
12.04.2020	649	27	786	39	50	4	38	1	15	0	56	0	123	3	11	0	189	18	495	23	64	5	43	2	67	2	21	3	41	2	25	0	2673	129	
13.04.2020	677	28	820	34	51	1	38	0	17	2	56	0	135	12	11	0	201	12	518	23	68	4	44	1	68	1	24	3	44	3	27	2	2799	126	
14.04.2020	711	34	872	52	56	5	40	2	20	3	59	3	147	12	11	0	211	10	545	27	70	2	52	8	70	2	25	1	49	5	31	4	2969	170	
15.04.2020	767	56	954	82	62	6	42	2	21	1	67	8	173	26	11	0	224	13	607	62	77	7	58	6	73	3	26	1	54	5	38	7	3254	285	
16.04.2020	802	35	1049	95	74	12	54	12	21	0	80	13	187	14	13	2	248	24	663	56	87	10	71	13	94	21	26	0	55	1	45	7	3569	315	
17.04.2020	872	70	1137	88	84	10	60	6	22	1	84	4	197	10	13	0	274	26	726	63	92	5	76	5	95	1	28	2	59	4	49	4	3868	299	
18.04.2020	919	47	1198	61	91	7	62	2	24	2	90	6	212	15	14	1	281	7	791	65	99	7	86	10	103	8	29	1	61	2	50	1	4110	242	
19.04.2020	968	49	1256	58	92	1	66	4	25	1	91	1	230	18	15	1	288	7	814	23	106	7	91	5	107	4	30	1	62	1	53	3	4294	184	
20.04.2020	982	14	1286	30	94	2	66	0	25	0	91	0	240	10	15	0	291	3	857	43	107	1	91	0	109	2	30	0	67	5	53	0	4404	110	
21.04.2020	1031	49	1336	50	97	3	67	1	25	0	91	0	251	11	15	0	306	15	896	39	116	9	93	2	117	8	32	2	70	3	55	2	4598	194	
22.04.2020	1063	32	1424	88	105	8	74	7	26	1	91	0	265	14	15	0	328	22	964	68	122	6	97	4	122	5	33	1	79	9	71	16	4879	281	
23.04.2020	1113	50	1476	52	105	0	84	10	27	1	113	22	286	21	15	0	340	12	999	35	131	9	99	2	127	5	34	1	84	5	61	-10	5094	215	
24.04.2020	1153	40	1525	49	112	7	90	6	27	0	122	9	296	10	16	1	364	24	1052	53	136	5	105	6	135	8	35	1	88	4	65	4	5321	227	
25.04.2020	1189	36	1566	41	113	1	97	7	27	0	139	17	305	9	16	0	377	13	1084	32	138	2	107	2	141	6	35	0	95	7	71	6	5500	179	
26.04.2020	1237	48	1596	30	123	10	100	3	27	0	140	1	315	10	16	0	384	7	1096	12	147	9	107	0	147	6	36	1	96	1	73	2	5640	140	
27.04.2020	1249	12	1621	25	125	2	100	0	27	0	142	2	320	5	16	0	391	7	1131	35	152	5	121	14	147	0	36	0	98	2	74	1	5750	110	
