Infektionsf„lle nach Erkrankungsbeginn (https://experience.arcgis.com/experience/478220a4c454480e823b17327b2bf1d4/page/page_0/, Stand 08.06.2020)																																																		
																																																		
	Baden-Wrttemberg			Bayern			Berlin			Brandenburg			Bremen			Hamburg			Hessen			Mecklenburg-Vorpommern			Niedersachsen			Nordrhein-Westfalen			Reinland-Pfalz			Saarland			Sachsen			Sachsen-Anhalt			Schleswig-Holstein			Thringen				
	nach Erkrankungsdatum	ersatzweise Meldedatum	Gesamt	nach Erkrankungsdatum	ersatzweise Meldedatum	Gesamt	nach Erkrankungsdatum	ersatzweise Meldedatum	Gesamt	nach Erkrankungsdatum	ersatzweise Meldedatum	Gesamt	nach Erkrankungsdatum	ersatzweise Meldedatum	Gesamt	nach Erkrankungsdatum	ersatzweise Meldedatum	Gesamt	nach Erkrankungsdatum	ersatzweise Meldedatum	Gesamt	nach Erkrankungsdatum	ersatzweise Meldedatum	Gesamt	nach Erkrankungsdatum	ersatzweise Meldedatum	Gesamt	nach Erkrankungsdatum	ersatzweise Meldedatum	Gesamt	nach Erkrankungsdatum	ersatzweise Meldedatum	Gesamt	nach Erkrankungsdatum	ersatzweise Meldedatum	Gesamt	nach Erkrankungsdatum	ersatzweise Meldedatum	Gesamt	nach Erkrankungsdatum	ersatzweise Meldedatum	Gesamt	nach Erkrankungsdatum	ersatzweise Meldedatum	Gesamt	nach Erkrankungsdatum	ersatzweise Meldedatum	Gesamt		
02.03.2020	56	1	57	59	2	61	21	0	21	4	0	4	1	0	1	4	0	4	9	0	9	2	0	2	16	0	16	84	2	86	10	0	10	1	0	1	4	1	5	1	0	1	5	1	6	3	0	3		
03.03.2020	70	5	75	46	3	49	20	0	20	0	0	0	1	0	1	6	3	9	8	2	10	0	1	1	12	0	12	84	9	93	5	1	6	2	0	2	8	0	8	1	0	1	3	0	3	4	0	4		
04.03.2020	88	7	95	56	2	58	31	0	31	8	0	8	1	0	1	14	2	16	10	0	10	5	0	5	26	0	26	104	25	129	5	1	6	2	0	2	6	0	6	2	0	2	5	0	5	8	0	8		
05.03.2020	106	9	115	64	8	72	23	2	25	4	0	4	2	0	2	15	1	16	11	0	11	5	0	5	25	1	26	116	10	126	7	1	8	8	0	8	8	0	8	2	0	2	6	0	6	2	0	2		
06.03.2020	141	20	161	115	15	130	42	1	43	15	0	15	2	0	2	31	2	33	27	0	27	5	0	5	33	3	36	157	8	165	12	0	12	3	0	3	14	0	14	4	0	4	13	0	13	7	0	7		
07.03.2020	154	2	156	129	6	135	38	0	38	10	0	10	9	0	9	37	0	37	48	0	48	3	0	3	45	3	48	232	7	239	25	0	25	3	0	3	10	0	10	10	0	10	18	0	18	8	0	8		
08.03.2020	238	4	242	151	2	153	45	1	46	13	0	13	12	0	12	32	0	32	88	0	88	8	1	9	71	0	71	295	2	297	37	3	40	17	1	18	24	4	28	6	0	6	18	1	19	8	0	8		
09.03.2020	408	7	415	269	42	311	87	2	89	30	0	30	9	0	9	53	1	54	114	3	117	10	0	10	100	1	101	400	16	416	47	4	51	9	2	11	36	0	36	17	0	17	25	0	25	10	0	10		
10.03.2020	517	22	539	349	53	402	132	3	135	24	1	25	15	0	15	70	4	74	147	1	148	9	0	9	105	2	107	515	27	542	63	9	72	24	0	24	36	3	39	22	0	22	31	2	33	24	0	24		
11.03.2020	666	15	681	401	54	455	135	3	138	37	2	39	19	2	21	80	8	88	157	3	160	17	0	17	169	16	185	665	37	702	90	7	97	24	1	25	65	2	67	13	1	14	42	2	44	26	0	26		
12.03.2020	689	21	710	186	54	240	157	3	160	52	6	58	24	0	24	110	8	118	189	12	201	10	1	11	177	25	202	668	48	716	101	28	129	39	10	49	68	7	75	16	2	18	58	2	60	29	1	30		
13.03.2020	809	37	846	651	128	779	181	5	186	62	6	68	16	2	18	126	5	131	214	13	227	24	2	26	265	13	278	777	75	852	119	25	144	36	1	37	86	5	91	34	3	37	74	2	76	45	1	46		
14.03.2020	767	40	807	686	94	780	179	2	181	59	5	64	18	0	18	144	12	156	213	12	225	10	0	10	249	26	275	837	45	882	127	23	150	36	7	43	95	8	103	27	0	27	70	2	72	38	0	38		
15.03.2020	818	20	838	786	83	869	192	7	199	57	1	58	25	0	25	155	23	178	209	4	213	17	0	17	219	16	235	826	57	883	123	58	181	28	5	33	92	7	99	32	0	32	72	3	75	41	0	41		
16.03.2020	1032	54	1086	1156	101	1257	233	6	239	76	6	82	23	0	23	164	16	180	281	16	297	20	4	24	277	36	313	1030	171	1201	174	74	248	59	9	68	119	11	130	62	9	71	93	3	96	89	2	91		
17.03.2020	902	110	1012	986	203	1189	196	13	209	53	10	63	16	0	16	140	37	177	241	33	274	24	7	31	246	46	292	779	193	972	188	80	268	43	13	56	113	20	133	45	3	48	85	2	87	54	8	62		
18.03.2020	925	137	1062	1030	288	1318	200	9	209	70	9	79	15	1	16	122	36	158	213	32	245	26	14	40	249	81	330	885	140	1025	153	72	225	49	18	67	118	37	155	43	3	46	73	4	77	65	4	69		
19.03.2020	787	103	890	940	300	1240	173	8	181	57	8	65	22	0	22	88	38	126	192	38	230	8	5	13	217	82	299	731	208	939	123	55	178	53	21	74	96	41	137	47	6	53	75	8	83	45	5	50		
20.03.2020	941	134	1075	1140	335	1475	181	8	189	70	9	79	15	1	16	107	30	137	199	30	229	23	3	26	220	57	277	820	144	964	167	65	232	53	15	68	115	33	148	52	8	60	101	6	107	69	5	74		
21.03.2020	728	97	825	974	368	1342	147	1	148	53	3	56	10	1	11	91	26	117	172	12	184	16	0	16	174	36	210	673	96	769	106	39	145	43	13	56	110	37	147	38	2	40	56	7	63	53	1	54		
22.03.2020	637	69	706	781	203	984	123	2	125	54	2	56	8	0	8	67	18	85	116	7	123	9	0	9	153	18	171	580	47	627	84	70	154	34	25	59	93	22	115	30	3	33	52	1	53	29	3	32		
23.03.2020	858	95	953	1126	265	1391	184	10	194	73	8	81	16	0	16	98	42	140	190	31	221	22	4	26	266	61	327	742	182	924	147	59	206	48	20	68	122	36	158	35	9	44	97	10	107	74	4	78		
24.03.2020	620	166	786	817	388	1205	125	10	135	54	7	61	10	1	11	67	70	137	146	25	171	17	7	24	184	57	241	624	107	731	103	79	182	25	9	34	85	44	129	40	16	56	74	6	80	49	5	54		
25.03.2020	672	144	816	944	538	1482	130	11	141	44	9	53	9	1	10	69	55	124	160	31	191	17	2	19	229	95	324	693	171	864	99	43	142	36	19	55	95	48	143	31	5	36	77	5	82	44	4	48		
26.03.2020	627	175	802	762	565	1327	121	32	153	53	9	62	11	5	16	67	56	123	157	35	192	15	6	21	179	73	252	628	164	792	90	91	181	26	39	65	88	40	128	39	0	39	74	7	81	55	2	57		
27.03.2020	681	197	878	841	554	1395	106	32	138	63	2	65	8	3	11	72	57	129	171	47	218	14	19	33	181	138	319	639	163	802	72	94	166	37	18	55	85	53	138	33	12	45	50	9	59	54	6	60		
28.03.2020	629	146	775	746	458	1204	113	8	121	64	4	68	11	2	13	50	59	109	139	35	174	9	7	16	170	83	253	584	128	712	97	54	151	42	23	65	84	55	139	48	9	57	63	7	70	41	1	42		
29.03.2020	541	125	666	589	336	925	89	8	97	47	5	52	3	1	4	43	27	70	130	26	156	13	1	14	146	53	199	436	91	527	70	48	118	14	22	36	78	16	94	23	1	24	42	7	49	26	0	26		
30.03.2020	767	136	903	804	364	1168	126	15	141	55	11	66	11	0	11	51	28	79	190	34	224	13	3	16	206	122	328	668	169	837	101	63	164	52	19	71	95	43	138	39	5	44	82	9	91	47	1	48		
31.03.2020	550	246	796	587	670	1257	91	14	105	45	21	66	7	4	11	60	56	116	117	33	150	10	19	29	150	121	271	556	214	770	69	45	114	45	41	86	86	38	124	15	18	33	52	8	60	27	4	31		
01.04.2020	628	237	865	705	651	1356	116	8	124	63	17	80	14	2	16	52	61	113	145	76	221	16	4	20	187	115	302	641	182	823	79	72	151	50	53	103	79	70	149	28	3	31	51	11	62	49	7	56		
02.04.2020	546	271	817	628	602	1230	101	28	129	70	25	95	10	2	12	64	82	146	132	73	205	13	6	19	173	83	256	607	261	868	73	54	127	31	81	112	70	86	156	28	6	34	35	11	46	31	14	45		
03.04.2020	546	286	832	629	641	1270	106	35	141	80	26	106	12	1	13	59	75	134	125	61	186	4	7	11	171	123	294	625	288	913	78	71	149	45	43	88	65	94	159	26	7	33	59	29	88	32	21	53		
04.04.2020	435	172	607	526	506	1032	78	11	89	40	11	51	8	1	9	52	47	99	102	54	156	4	5	9	141	52	193	474	142	616	48	55	103	27	78	105	53	47	100	25	5	30	45	8	53	36	14	50		
05.04.2020	341	141	482	442	253	695	72	10	82	49	1	50	11	0	11	45	50	95	99	9	108	8	0	8	150	41	191	429	113	542	62	36	98	22	54	76	51	28	79	13	15	28	37	1	38	34	17	51		
06.04.2020	481	116	597	538	391	929	108	19	127	53	19	72	8	5	13	55	52	107	134	30	164	11	0	11	153	83	236	543	249	792	66	62	128	45	45	90	79	23	102	36	15	51	42	8	50	33	6	39		
07.04.2020	392	190	582	483	514	997	90	32	122	57	21	78	9	9	18	44	106	150	123	55	178	15	11	26	144	82	226	466	207	673	63	73	136	34	41	75	69	60	129	15	8	23	34	30	64	36	6	42		
08.04.2020	389	202	591	456	522	978	63	24	87	56	58	114	14	0	14	47	61	108	101	68	169	9	3	12	131	108	239	454	272	726	61	60	121	32	75	107	59	64	123	18	7	25	34	24	58	32	13	45		
09.04.2020	350	291	641	449	465	914	73	28	101	55	15	70	6	3	9	35	53	88	107	80	187	7	1	8	133	107	240	420	264	684	57	53	110	21	75	96	47	38	85	18	3	21	30	14	44	35	9	44		
10.04.2020	340	176	516	400	357	757	66	18	84	26	12	38	4	2	6	35	43	78	82	47	129	5	0	5	97	81	178	321	124	445	56	38	94	17	60	77	34	54	88	14	10	24	26	3	29	38	3	41		
11.04.2020	257	358	615	347	250	597	43	33	76	32	10	42	10	0	10	21	36	57	79	51	130	9	2	11	87	35	122	277	158	435	48	27	75	18	8	26	34	31	65	15	3	18	17	4	21	22	7	29		
12.04.2020	250	125	375	290	144	434	49	14	63	25	10	35	6	3	9	33	26	59	77	46	123	8	0	8	96	63	159	309	94	403	48	26	74	9	13	22	35	46	81	8	6	14	11	2	13	36	2	38		
13.04.2020	261	77	338	266	189	455	46	18	64	30	2	32	7	2	9	31	13	44	80	24	104	2	0	2	89	17	106	291	71	362	37	27	64	13	17	30	26	17	43	5	7	12	18	57	75	36	1	37		
14.04.2020	238	83	321	293	307	600	61	15	76	38	12	50	10	1	11	18	33	51	84	37	121	3	1	4	6	58	64	265	136	401	46	53	99	14	9	23	37	33	70	21	9	30	17	4	21	38	6	44		
15.04.2020	245	163	408	285	346	631	42	16	58	36	12	48	7	1	8	22	36	58	78	73	151	4	0	4	85	50	135	295	156	451	47	48	95	16	19	35	30	17	47	11	2	13	24	14	38	25	9	34		
16.04.2020	224	189	413	265	311	576	43	17	60	25	8	33	10	38	48	19	42	61	68	46	114	2	0	2	80	58	138	230	215	445	39	44	83	11	19	30	37	35	72	16	7	23	22	17	39	33	17	50		
17.04.2020	215	221	436	213	325	538	39	27	66	23	47	70	11	5	16	22	69	91	89	62	151	7	0	7	89	74	163	230	185	415	28	51	79	6	17	23	35	16	51	9	46	55	14	8	22	28	10	38		
18.04.2020	195	122	317	205	204	409	37	20	57	32	35	67	8	9	17	11	22	33	66	41	107	0	1	1	76	39	115	176	151	327	23	38	61	2	18	20	19	15	34	15	13	28	20	4	24	29	5	34		
19.04.2020	156	112	268	141	158	299	33	6	39	17	7	24	8	4	12	13	4	17	71	38	109	2	0	2	63	38	101	166	131	297	18	10	28	6	1	7	22	8	30	6	7	13	17	2	19	28	1	29		
20.04.2020	175	107	282	196	180	376	43	6	49	50	22	72	14	2	16	17	22	39	78	27	105	2	0	2	61	33	94	205	173	378	30	19	49	16	8	24	28	14	42	15	7	22	23	8	31	46	11	57		
21.04.2020	161	141	302	151	223	374	38	10	48	19	14	33	3	8	11	17	28	45	63	45	108	5	0	5	57	49	106	175	115	290	19	24	43	7	24	31	13	11	24	19	12	31	16	16	32	29	29	58		
22.04.2020	146	204	350	154	256	410	36	24	60	15	13	28	7	96	103	11	28	39	62	53	115	5	0	5	56	66	122	172	114	286	22	38	60	7	20	27	30	15	45	10	4	14	15	13	28	30	12	42		
23.04.2020	140	168	308	192	266	458	35	18	53	25	19	44	3	9	12	17	24	41	56	58	114	1	0	1	53	58	111	152	140	292	13	21	34	12	6	18	15	15	30	12	4	16	11	12	23	30	16	46		
24.04.2020	103	150	253	126	243	369	40	15	55	17	40	57	12	10	22	12	22	34	58	30	88	4	2	6	55	47	102	166	122	288	17	37	54	5	14	19	21	14	35	7	3	10	13	17	30	30	13	43		
25.04.2020	104	159	263	123	165	288	25	17	42	19	10	29	7	5	12	14	19	33	45	22	67	4	1	5	42	24	66	144	82	226	20	6	26	2	7	9	18	6	24	5	4	9	8	2	10	20	7	27		
26.04.2020	71	51	122	86	87	173	29	7	36	13	3	16	4	8	12	8	8	16	35	5	40	8	0	8	54	14	68	111	51	162	21	12	33	1	14	15	17	8	25	2	2	4	10	2	12	22	4	26		
27.04.2020	117	87	204	111	189	300	44	17	61	25	17	42	5	5	10	13	11	24	46	25	71	5	0	5	55	22	77	174	86	260	21	19	40	2	3	5	20	4	24	11	3	14	9	2	11	30	8	38		
28.04.2020	73	55	128	98	181	279	33	28	61	21	22	43	3	30	33	2	16	18	49	44	93	0	1	1	40	31	71	130	85	215	25	11	36	3	16	19	20	9	29	7	2	9	11	4	15	22	28	50		
29.04.2020	74	119	193	78	163	241	36	19	55	15	14	29	10	30	40	11	25	36	34	40	74	5	1	6	37	26	63	115	74	189	6	36	42	6	13	19	14	13	27	5	11	16	14	4	18	21	10	31		
30.04.2020	82	123	205	115	129	244	30	22	52	5	11	16	12	16	28	6	12	18	40	37	77	4	1	5	59	23	82	132	125	257	8	14	22	3	19	22	27	8	35	4	3	7	17	5	22	26	17	43		
01.05.2020	62	60	122	86	107	193	19	6	25	8	13	21	20	7	27	8	3	11	29	30	59	2	0	2	45	15	60	105	119	224	10	21	31	0	10	10	17	4	21	1	3	4	12	5	17	19	3	22		
02.05.2020	43	37	80	56	80	136	25	7	32	6	2	8	15	3	18	4	3	7	37	19	56	3	0	3	38	15	53	107	76	183	16	6	22	2	4	6	16	10	26	4	1	5	13	7	20	11	5	16		
03.05.2020	72	15	87	76	38	114	25	6	31	4	2	6	14	14	28	4	2	6	36	7	43	3	0	3	38	3	41	70	49	119	9	0	9	0	1	1	19	3	22	2	3	5	18	31	49	23	0	23		
04.05.2020	78	39	117	82	81	163	20	14	34	7	4	11	24	6	30	4	5	9	38	11	49	3	0	3	46	32	78	132	66	198	17	14	31	1	4	5	25	1	26	9	4	13	9	5	14	25	15	40		
05.05.2020	55	40	95	86	88	174	25	25	50	5	30	35	18	4	22	7	12	19	36	43	79	2	2	4	27	14	41	120	107	227	18	16	34	3	3	6	10	16	26	10	8	18	10	35	45	18	14	32		
06.05.2020	64	54	118	70	149	219	23	15	38	1	10	11	9	10	19	9	9	18	42	46	88	2	1	3	26	25	51	99	136	235	6	13	19	1	5	6	17	18	35	6	7	13	8	6	14	20	13	33		
07.05.2020	57	72	129	76	106	182	16	16	32	2	6	8	22	12	34	4	8	12	28	30	58	2	0	2	37	23	60	91	128	219	6	17	23	3	9	12	9	13	22	3	1	4	7	8	15	23	13	36		
08.05.2020	69	97	166	65	101	166	16	1	17	4	16	20	11	10	21	6	9	15	26	44	70	4	0	4	19	24	43	83	104	187	11	16	27	1	3	4	17	23	40	2	2	4	6	8	14	19	5	24		
09.05.2020	34	60	94	64	76	140	10	4	14	2	5	7	10	6	16	2	3	5	23	13	36	1	0	1	30	8	38	80	89	169	19	10	29	1	1	2	11	9	20	3	1	4	4	10	14	15	3	18		
10.05.2020	47	21	68	57	39	96	11	2	13	0	0	0	14	3	17	1	1	2	30	4	34	1	0	1	25	4	29	63	50	113	8	11	19	0	0	0	12	3	15	2	0	2	2	12	14	13	3	16		
11.05.2020	44	43	87	64	97	161	16	3	19	3	4	7	15	1	16	5	4	9	41	12	53	0	0	0	27	7	34	72	117	189	17	11	28	0	1	1	16	6	22	5	1	6	5	1	6	17	10	27		
12.05.2020	42	40	82	55	101	156	14	10	24	3	5	8	15	4	19	2	1	3	44	32	76	0	2	2	23	13	36	74	88	162	7	7	14	1	5	6	13	7	20	2	2	4	3	7	10	11	4	15		
13.05.2020	43	60	103	46	94	140	11	26	37	3	5	8	10	6	16	5	10	15	56	28	84	0	3	3	20	30	50	62	109	171	3	21	24	2	6	8	8	20	28	1	3	4	3	8	11	13	5	18		
14.05.2020	26	50	76	57	109	166	10	14	24	3	12	15	7	7	14	1	2	3	31	15	46	2	4	6	28	20	48	36	111	147	4	13	17	1	8	9	13	16	29	1	6	7	1	3	4	13	12	25		
15.05.2020	26	46	72	47	92	139	15	6	21	3	1	4	5	6	11	0	7	7	35	18	53	3	0	3	92	15	107	88	122	210	6	23	29	0	4	4	9	11	20	1	1	2	2	5	7	9	6	15		
16.05.2020	30	25	55	40	55	95	18	4	22	3	10	13	8	3	11	1	1	2	37	16	53	2	0	2	25	5	30	79	76	155	8	8	16	0	1	1	8	8	16	4	0	4	1	0	1	12	10	22		
17.05.2020	14	13	27	32	29	61	18	2	20	3	1	4	4	5	9	0	1	1	23	61	84	0	0	0	29	2	31	42	66	108	2	14	16	0	0	0	10	2	12	1	0	1	3	1	4	11	3	14		
18.05.2020	40	20	60	63	52	115	25	21	46	3	2	5	6	6	12	2	0	2	40	24	64	1	0	1	49	10	59	62	136	198	0	11	11	0	3	3	10	8	18	3	0	3	0	0	0	16	4	20		
19.05.2020	26	45	71	43	72	115	12	17	29	3	3	6	4	7	11	0	2	2	19	20	39	0	0	0	34	18	52	38	96	134	0	12	12	1	4	5	5	20	25	0	3	3	0	7	7	11	7	18		
20.05.2020	30	49	79	51	114	165	15	14	29	5	6	11	12	5	17	0	12	12	20	36	56	0	5	5	84	41	125	55	78	133	3	20	23	0	2	2	2	22	24	2	1	3	4	7	11	13	5	18		
21.05.2020	22	19	41	37	46	83	12	3	15	3	2	5	3	8	11	0	1	1	11	9	20	0	0	0	27	24	51	37	78	115	4	6	10	2	1	3	2	6	8	0	2	2	0	21	21	8	10	18		
22.05.2020	17	35	52	35	68	103	13	20	33	5	1	6	10	3	13	1	3	4	11	24	35	0	0	0	30	10	40	46	51	97	5	8	13	1	3	4	4	4	8	1	1	2	1	14	15	16	6	22		
23.05.2020	22	25	47	32	48	80	12	4	16	3	2	5	9	0	9	0	1	1	13	21	34	0	0	0	41	11	52	34	43	77	0	5	5	0	1	1	7	4	11	0	0	0	0	0	0	8	7	15		
24.05.2020	13	7	20	21	62	83	13	0	13	3	0	3	12	2	14	1	0	1	18	7	25	0	0	0	36	4	40	38	33	71	2	0	2	0	1	1	3	0	3	2	0	2	1	0	1	6	6	12		
25.05.2020	17	18	35	22	36	58	21	4	25	4	2	6	15	1	16	1	1	2	17	16	33	0	0	0	56	7	63	49	98	147	8	9	17	0	5	5	7	2	9	0	2	2	2	0	2	11	6	17		
26.05.2020	21	29	50	34	85	119	22	7	29	1	6	7	11	1	12	0	3	3	9	35	44	1	0	1	41	15	56	40	103	143	6	35	41	0	3	3	4	10	14	1	0	1	0	3	3	4	18	22		
27.05.2020	20	49	69	32	72	104	19	7	26	0	5	5	12	6	18	0	0	0	12	26	38	0	0	0	41	43	84	55	60	115	6	8	14	0	3	3	2	6	8	0	1	1	1	0	1	12	11	23		
28.05.2020	14	31	45	26	48	74	15	8	23	1	4	5	11	7	18	2	0	2	7	41	48	0	0	0	30	22	52	38	43	81	0	5	5	0	3	3	2	8	10	3	1	4	5	3	8	4	17	21		
29.05.2020	11	20	31	12	34	46	13	9	22	2	5	7	10	10	20	3	4	7	18	16	34	1	1	2	26	25	51	32	56	88	2	14	16	0	5	5	4	3	7	1	1	2	4	8	12	2	9	11		
30.05.2020	0	9	9	12	64	76	10	8	18	4	3	7	9	7	16	1	1	2	8	22	30	0	0	0	22	20	42	38	42	80	0	6	6	1	1	2	0	2	2	2	0	2	0	1	1	3	9	12		
31.05.2020	7	8	15	10	21	31	8	17	25	0	0	0	4	2	6	0	1	1	3	5	8	1	0	1	21	6	27	17	21	38	4	0	4	1	0	1	1	0	1	2	0	2	0	1	1	5	3	8		
01.06.2020	5	4	9	0	11	11	10	0	10	3	0	3	3	1	4	2	0	2	9	1	10	0	0	0	24	27	51	30	24	54	0	1	1	1	5	6	1	0	1	1	0	1	0	5	5	1	1	2		
02.06.2020	0	8	8	10	14	24	12	18	30	0	5	5	8	5	13	2	1	3	0	15	15	0	0	0	30	22	52	33	35	68	0	5	5	0	2	2	4	1	5	0	0	0	0	1	1	5	2	7		
03.06.2020	9	16	25	8	34	42	6	28	34	0	2	2	2	6	8	0	8	8	0	19	19	3	1	4	23	69	92	23	66	89	2	13	15	0	3	3	2	5	7	3	0	3	1	0	1	4	13	17		
04.06.2020	0	22	22	0	55	55	0	12	12	0	2	2	4	22	26	0	4	4	0	17	17	2	0	2	2	52	54	15	71	86	0	24	24	1	1	2	0	5	5	0	0	0	1	0	1	0	6	6		
05.06.2020	0	20	20	0	42	42	2	18	20	0	3	3	1	9	10	0	4	4	1	19	20	0	2	2	2	35	37	11	55	66	0	17	17	0	3	3	0	2	2	0	1	1	0	2	2	0	11	11		
06.06.2020	0	15	15	0	14	14	0	9	9	0	0	0	0	4	4	0	0	0	0	10	10	0	3	3	0	21	21	0	43	43	0	2	2	0	4	4	0	2	2	0	0	0	0	0	0	0	2	2		
07.06.2020	0	4	4	0	17	17	0	2	2	0	0	0	0	6	6	0	0	0	0	2	2	0	0	0	0	2	2	0	23	23	0	0	0	0	0	0	0	0	0	0	0	0	0	1	1	0	1	1		
