Infektionsf„lle nach Erkrankungsbeginn (https://experience.arcgis.com/experience/478220a4c454480e823b17327b2bf1d4/page/page_0/, Stand 27.4.2020)																																																		
																																																		
	Baden-Wrttemberg			Bayern			Berlin			Brandenburg			Bremen			Hamburg			Hessen			Mecklenburg-Vorpommern			Niedersachsen			Nordrhein-Westfalen			Reinland-Pfalz			Saarland			Sachsen			Sachsen-Anhalt			Schleswig-Holstein			Thringen				
	nach Erkrankungsdatum	ersatzweise Meldedatum	Gesamt	nach Erkrankungsdatum	ersatzweise Meldedatum	Gesamt	nach Erkrankungsdatum	ersatzweise Meldedatum	Gesamt	nach Erkrankungsdatum	ersatzweise Meldedatum	Gesamt	nach Erkrankungsdatum	ersatzweise Meldedatum	Gesamt	nach Erkrankungsdatum	ersatzweise Meldedatum	Gesamt	nach Erkrankungsdatum	ersatzweise Meldedatum	Gesamt	nach Erkrankungsdatum	ersatzweise Meldedatum	Gesamt	nach Erkrankungsdatum	ersatzweise Meldedatum	Gesamt	nach Erkrankungsdatum	ersatzweise Meldedatum	Gesamt	nach Erkrankungsdatum	ersatzweise Meldedatum	Gesamt	nach Erkrankungsdatum	ersatzweise Meldedatum	Gesamt	nach Erkrankungsdatum	ersatzweise Meldedatum	Gesamt	nach Erkrankungsdatum	ersatzweise Meldedatum	Gesamt	nach Erkrankungsdatum	ersatzweise Meldedatum	Gesamt	nach Erkrankungsdatum	ersatzweise Meldedatum	Gesamt		
02.03.2020	54	1	55	54	2	56	21	0	21	4	0	4	1	0	1	5	0	5	8	0	8	2	0	2	16	0	16	78	2	80	10	0	10	1	0	1	4	1	5	1	0	1	5	1	6	3	0	3		
03.03.2020	62	8	70	42	2	44	20	0	20	0	0	0	1	0	1	6	2	8	8	2	10	0	1	1	12	0	12	78	10	88	5	1	6	2	0	2	8	0	8	1	0	1	3	0	3	4	0	4		
04.03.2020	78	12	90	50	2	52	31	0	31	7	0	7	1	0	1	13	2	15	10	0	10	5	0	5	25	0	25	93	29	122	5	1	6	2	0	2	5	0	5	2	0	2	5	0	5	8	0	8		
05.03.2020	85	11	96	58	10	68	23	2	25	3	1	4	2	0	2	12	4	16	11	0	11	5	0	5	22	1	23	106	19	125	7	1	8	8	0	8	6	0	6	2	0	2	6	0	6	2	0	2		
06.03.2020	116	26	142	91	17	108	42	2	44	15	0	15	2	0	2	27	2	29	27	0	27	5	0	5	33	4	37	150	11	161	12	0	12	3	0	3	12	0	12	4	0	4	14	0	14	7	0	7		
07.03.2020	137	5	142	108	6	114	38	0	38	10	0	10	9	0	9	37	0	37	47	0	47	3	0	3	43	3	46	227	11	238	25	0	25	4	0	4	6	0	6	10	0	10	18	0	18	9	0	9		
08.03.2020	191	5	196	123	2	125	44	1	45	13	0	13	12	0	12	32	0	32	87	0	87	8	1	9	69	1	70	283	5	288	37	3	40	17	1	18	22	4	26	6	0	6	18	1	19	8	0	8		
09.03.2020	356	12	368	232	47	279	87	2	89	31	0	31	9	0	9	51	1	52	106	5	111	10	0	10	85	11	96	367	17	384	46	4	50	9	2	11	32	0	32	17	0	17	25	0	25	10	0	10		
10.03.2020	451	32	483	299	54	353	127	3	130	24	1	25	14	1	15	65	5	70	145	1	146	9	0	9	97	3	100	465	32	497	60	11	71	24	0	24	29	4	33	22	0	22	30	2	32	23	1	24		
11.03.2020	558	42	600	334	65	399	136	5	141	35	4	39	18	3	21	79	8	87	155	5	160	16	1	17	158	15	173	607	41	648	90	10	100	24	1	25	53	4	57	13	1	14	41	3	44	26	0	26		
12.03.2020	601	34	635	414	54	468	148	3	151	48	9	57	24	0	24	97	12	109	178	15	193	10	1	11	167	27	194	583	65	648	95	29	124	39	12	51	59	9	68	15	2	17	56	4	60	29	1	30		
13.03.2020	689	73	762	544	146	690	183	8	191	62	6	68	15	3	18	120	4	124	208	16	224	23	3	26	248	23	271	702	97	799	110	26	136	36	0	36	71	6	77	33	3	36	72	2	74	43	3	46		
14.03.2020	652	90	742	586	120	706	176	4	180	60	5	65	16	1	17	133	16	149	211	14	225	10	0	10	241	22	263	744	124	868	120	24	144	35	7	42	81	10	91	27	0	27	69	2	71	37	1	38		
15.03.2020	684	40	724	660	86	746	184	7	191	56	3	59	25	0	25	148	24	172	200	4	204	17	0	17	218	13	231	740	98	838	122	57	179	28	4	32	73	9	82	29	0	29	68	4	72	41	0	41		
16.03.2020	864	97	961	1007	128	1135	228	10	238	75	7	82	23	0	23	152	17	169	273	18	291	20	4	24	272	38	310	941	211	1152	173	74	247	58	9	67	98	10	108	61	9	70	90	4	94	89	2	91		
17.03.2020	769	198	967	818	252	1070	191	18	209	47	15	62	16	0	16	126	44	170	236	38	274	23	8	31	229	48	277	712	287	999	187	82	269	43	12	55	94	33	127	44	4	48	80	5	85	52	10	62		
18.03.2020	803	211	1014	860	355	1215	194	13	207	69	10	79	15	1	16	103	36	139	205	42	247	23	17	40	245	86	331	807	235	1042	152	74	226	47	16	63	100	48	148	41	3	44	72	9	81	65	4	69		
19.03.2020	680	186	866	780	339	1119	168	10	178	56	8	64	20	1	21	77	46	123	183	43	226	8	5	13	209	66	275	668	343	1011	122	57	179	54	19	73	84	60	144	45	7	52	70	10	80	46	6	52		
20.03.2020	805	260	1065	950	464	1414	177	12	189	65	7	72	15	1	16	93	32	125	191	37	228	23	3	26	209	63	272	753	244	997	165	65	230	54	12	66	100	53	153	51	9	60	94	10	104	69	5	74		
21.03.2020	636	147	783	820	493	1313	146	1	147	51	3	54	0	1	1	72	30	102	164	13	177	15	1	16	174	40	214	640	171	811	105	41	146	42	14	56	102	47	149	37	5	42	55	10	65	52	1	53		
22.03.2020	544	106	650	651	267	918	119	4	123	54	2	56	7	0	7	58	22	80	110	11	121	9	0	9	150	19	169	539	93	632	83	70	153	33	25	58	88	23	111	27	5	32	50	3	53	29	3	32		
23.03.2020	710	158	868	952	310	1262	177	10	187	74	7	81	15	0	15	86	43	129	191	36	227	22	4	26	264	65	329	698	235	933	142	62	204	49	22	71	107	48	155	36	9	45	90	14	104	73	4	77		
24.03.2020	512	299	811	695	498	1193	122	16	138	56	7	63	10	1	11	51	75	126	144	27	171	17	7	24	177	60	237	574	158	732	102	80	182	24	10	34	75	53	128	41	19	60	65	12	77	48	5	53		
25.03.2020	548	298	846	780	671	1451	125	16	141	44	10	54	9	1	10	62	54	116	153	38	191	16	3	19	222	96	318	646	235	881	97	44	141	35	18	53	76	64	140	29	5	34	73	11	84	43	6	49		
26.03.2020	507	331	838	620	647	1267	113	36	149	50	11	61	11	6	17	57	52	109	148	43	191	14	7	21	170	78	248	588	205	793	90	94	184	26	37	63	65	53	118	41	1	42	68	11	79	54	2	56		
27.03.2020	551	337	888	662	768	1430	104	34	138	60	4	64	8	3	11	58	59	117	160	57	217	13	20	33	171	149	320	584	236	820	71	96	167	38	16	54	71	73	144	32	12	44	45	12	57	55	6	61		
28.03.2020	508	267	775	595	637	1232	110	9	119	59	5	64	10	3	13	49	65	114	137	39	176	9	7	16	159	89	248	564	160	724	95	55	150	41	23	64	74	75	149	48	9	57	56	14	70	41	1	42		
29.03.2020	460	206	666	488	400	888	86	8	94	45	6	51	3	1	4	40	30	70	121	28	149	13	1	14	139	58	197	425	109	534	69	53	122	14	22	36	64	23	87	21	1	22	37	10	47	26	0	26		
30.03.2020	623	257	880	610	447	1057	119	17	136	51	10	61	11	0	11	42	31	73	184	41	225	13	3	16	204	118	322	640	210	850	97	64	161	51	18	69	78	53	131	40	5	45	77	12	89	47	1	48		
31.03.2020	429	396	825	446	829	1275	81	14	95	38	23	61	7	4	11	53	64	117	112	38	150	10	19	29	141	128	269	531	238	769	68	48	116	43	42	85	70	56	126	15	18	33	49	15	64	27	4	31		
01.04.2020	473	414	887	549	838	1387	110	10	120	59	16	75	14	2	16	41	57	98	130	87	217	15	4	19	175	127	302	606	225	831	74	78	152	49	53	102	63	92	155	29	3	32	45	21	66	47	8	55		
02.04.2020	419	486	905	490	886	1376	92	31	123	62	30	92	10	2	12	53	2	55	128	77	205	13	6	19	160	98	258	563	301	864	73	56	129	27	84	111	56	115	171	27	7	34	32	15	47	31	14	45		
03.04.2020	422	488	910	499	1004	1503	94	52	146	75	34	109	9	4	13	48	88	136	105	69	174	4	7	11	161	143	304	589	318	907	73	77	150	43	45	88	51	116	167	26	8	34	53	33	86	32	21	53		
04.04.2020	325	274	599	423	601	1024	72	16	88	38	12	50	8	1	9	46	47	93	92	59	151	4	5	9	126	61	187	437	166	603	46	56	102	21	83	104	49	60	109	23	7	30	42	17	59	37	14	51		
05.04.2020	255	232	487	341	312	653	66	11	77	47	3	50	11	0	11	36	57	93	94	8	102	8	0	8	144	42	186	404	123	527	60	37	97	22	57	79	44	30	74	11	17	28	31	3	34	32	17	49		
06.04.2020	383	174	557	405	544	949	103	23	126	50	21	71	8	5	13	44	59	103	123	41	164	11	0	11	149	88	237	514	292	806	67	62	129	42	49	91	65	32	97	35	15	50	34	13	47	30	7	37		
07.04.2020	285	291	576	368	700	1068	82	42	124	54	24	78	8	10	18	32	100	132	117	66	183	7	20	27	130	93	223	420	237	657	60	78	138	33	42	75	57	66	123	14	8	22	31	36	67	34	7	41		
08.04.2020	269	357	626	335	713	1048	57	32	89	50	58	108	14	0	14	32	60	92	89	87	176	9	3	12	119	120	239	407	318	725	55	65	120	32	77	109	49	84	133	16	10	26	29	28	57	29	14	43		
09.04.2020	244	450	694	334	670	1004	66	40	106	47	17	64	5	3	8	21	65	86	90	96	186	7	2	9	127	121	248	390	286	676	55	55	110	20	72	92	38	41	79	17	4	21	25	21	46	33	11	44		
10.04.2020	242	291	533	277	453	730	60	21	81	22	15	37	3	2	5	24	50	74	69	52	121	5	0	5	89	85	174	286	145	431	49	43	92	17	62	79	27	61	88	9	13	22	25	4	29	35	6	41		
11.04.2020	194	475	669	258	391	649	38	38	76	27	12	39	9	0	9	19	42	61	67	70	137	2	9	11	81	43	124	243	175	418	47	27	74	18	8	26	23	39	62	13	5	18	16	3	19	19	9	28		
12.04.2020	186	190	376	211	183	394	44	17	61	20	12	32	5	3	8	28	26	54	67	48	115	8	0	8	84	67	151	278	121	399	45	29	74	7	10	17	25	53	78	7	6	13	9	3	12	34	2	36		
13.04.2020	187	164	351	203	228	431	38	20	58	27	3	30	5	2	7	18	15	33	66	27	93	2	0	2	82	18	100	253	82	335	33	30	63	12	17	29	23	25	48	4	7	11	13	68	81	32	2	34		
14.04.2020	160	150	310	215	394	609	55	15	70	32	13	45	8	1	9	12	31	43	71	45	116	2	1	3	87	60	147	233	154	387	41	55	96	12	9	21	30	40	70	20	10	30	12	8	20	35	7	42		
15.04.2020	154	307	461	198	465	663	38	20	58	29	13	42	6	1	7	14	38	52	57	99	156	4	0	4	73	57	130	238	186	424	47	48	95	15	19	34	25	26	51	11	2	13	16	17	33	21	11	32		
16.04.2020	137	288	425	166	425	591	37	23	60	20	9	29	9	38	47	10	43	53	51	63	114	2	0	2	70	64	134	178	247	425	35	43	78	9	21	30	25	52	77	14	8	22	13	24	37	32	18	50		
17.04.2020	124	300	424	122	461	583	26	39	65	13	54	67	8	3	11	8	68	76	62	71	133	4	2	6	72	79	151	169	207	376	25	56	81	6	18	24	24	19	43	10	47	57	6	14	20	25	10	35		
18.04.2020	118	187	305	129	233	362	25	24	49	19	27	46	3	12	15	6	23	29	42	50	92	0	1	1	56	47	103	124	176	300	15	39	54	2	19	21	15	22	37	13	13	26	11	12	23	26	7	33		
19.04.2020	78	138	216	73	222	295	25	5	30	11	7	18	4	7	11	3	7	10	49	50	99	1	0	1	44	42	86	113	147	260	12	10	22	6	1	7	13	11	24	6	6	12	12	5	17	26	1	27		
20.04.2020	68	130	198	91	253	344	20	8	28	38	20	58	6	3	9	6	22	28	49	43	92	2	1	3	36	34	70	133	252	385	16	19	35	11	11	22	15	13	28	14	8	22	9	15	24	36	15	51		
21.04.2020	75	218	293	62	297	359	16	14	30	12	18	30	1	9	10	4	41	45	21	60	81	1	1	2	26	56	82	109	144	253	10	27	37	5	26	31	9	17	26	18	13	31	10	20	30	23	29	52		
22.04.2020	42	301	343	44	366	410	11	32	43	5	16	21	3	70	73	4	34	38	20	66	86	2	0	2	24	71	95	69	170	239	9	42	51	5	21	26	11	19	30	9	4	13	2	16	18	9	14	23		
23.04.2020	26	276	302	28	360	388	5	31	36	8	17	25	0	6	6	4	38	42	6	76	82	1	0	1	17	61	78	46	152	198	4	22	26	4	7	11	4	17	21	7	6	13	1	26	27	12	21	33		
24.04.2020	13	242	255	11	319	330	0	32	32	1	54	55	1	16	17	0	27	27	6	55	61	3	2	5	4	60	64	25	163	188	3	42	45	0	16	16	0	21	21	1	4	5	1	21	22	4	19	23		
25.04.2020	11	220	231	0	201	201	0	31	31	0	13	13	0	9	9	0	27	27	0	57	57	0	1	1	0	37	37	11	110	121	0	10	10	0	8	8	1	7	8	0	4	4	0	11	11	0	9	9		
26.04.2020	16	69	85	8	41	49	0	7	7	0	0	0	0	11	11	1	0	1	0	13	13	0	0	0	0	2	2	0	44	44	0	7	7	0	15	15	1	2	3	0	2	2	0	4	4	0	10	10		
																																																		
																																																		
																																																		
																																																		
