Infecteddate written out from RKI dashboard;;;
AGS;28.03.2020;11.04.2020;25.04.2020
01001;21;32;32
01002;98;194;252
01003;84;135;159
01004;15;42;62
01051;24;52;54
01053;81;200;258
01054;36;64;77
01055;24;57;64
01056;204;467;528
01057;53;99;115
01058;117;196;229
01059;63;107;120
01060;72;183;213
01061;36;73;82
01062;123;238;386
02000;2236;3984;4753
03101;138;272;300
03102;45;97;126
03103;144;247;280
03151;61;104;122
03153;51;113;184
03154;52;90;131
03155;33;72;116
03157;59;127;138
03158;32;109;163
03159;136;400;717
03241;778;1490;1898
03251;128;251;314
03252;48;3;114
03254;147;225;291
03255;42;89;99
03256;26;59;63
03257;53;123;147
03351;71;125;158
03352;49;75;96
03353;153;357;482
03354;9;14;17
03355;81;139;163
03356;46;68;79
03357;53;80;100
03358;22;55;66
03359;109;169;185
03360;18;33;42
03361;57;108;116
03401;17;29;41
03402;7;14;16
03403;77;142;156
03404;205;377;436
03405;6;15;19
03451;79;130;162
03452;41;76;87
03453;36;96;109
03454;136;298;383
03455;10;25;31
03456;78;172;218
03457;33;67;92
03458;107;181;207
03459;281;743;927
03460;128;271;306
03461;39;49;51
03462;14;20;24
04011;267;451;737
04012;19;26;39
05111;361;757;967
05112;254;559;788
05113;323;468;720
05114;174;283;470
05116;175;365;465
05117;61;130;165
05119;64;146;184
05120;57;162;210
05122;88;172;223
05124;194;548;781
05154;226;415;539
05158;280;624;810
05162;294;503;569
05166;214;462;598
05170;226;381;501
05314;259;504;630
05315;1262;2025;2255
05316;90;158;191
05334;815;1517;1834
05358;230;447;543
05362;230;756;945
05366;116;272;340
05370;1242;1576;1732
05374;189;370;444
05378;175;359;422
05382;490;890;1130
05512;38;87;142
05513;98;238;331
05515;424;582;624
05554;434;769;879
05558;229;446;490
05562;253;631;1004
05566;340;920;1181
05570;288;378;448
05711;155;296;380
05754;308;501;584
05758;143;279;317
05762;64;216;278
05766;278;513;687
05770;197;369;409
05774;150;461;560
05911;182;302;422
05913;253;541;641
05914;72;165;242
05915;148;309;428
05916;47;94;151
05954;159;321;377
05958;232;506;564
05962;100;342;517
05966;104;352;537
05970;101;212;274
05974;176;311;339
05978;169;389;591
06411;61;123;193
06412;329;844;1202
06413;24;55;82
06414;147;247;299
06431;134;262;298
06432;157;285;342
06433;170;298;393
06434;132;211;231
06435;168;383;579
06436;118;193;250
06437;54;182;320
06438;168;323;432
06439;109;179;191
06440;91;203;262
06531;120;185;213
06532;152;295;331
06533;149;216;254
06534;102;155;177
06535;51;100;120
06611;75;140;220
06631;142;261;295
06632;42;165;194
06633;88;204;315
06634;152;343;450
06635;56;112;142
06636;13;77;159
07111;133;217;253
07131;65;112;117
07132;49;103;142
07133;78;145;186
07134;32;67;81
07135;97;122;126
07137;196;308;330
07138;121;188;208
07140;100;138;161
07141;78;132;151
07143;136;270;325
07211;43;83;96
07231;50;112;128
07232;91;136;166
07233;45;95;109
07235;55;135;174
07311;16;31;39
07312;54;89;111
07313;29;49;54
07314;52;167;264
07315;158;352;487
07316;55;95;101
07317;12;26;30
07318;23;49;66
07319;68;137;173
07320;9;30;35
07331;79;133;192
07332;156;259;307
07333;52;87;114
07334;60;116;136
07335;54;87;97
07336;44;76;86
07337;67;133;144
07338;63;165;204
07339;123;285;369
07340;38;95;105
08111;713;1087;1304
08115;564;1171;1304
08116;763;1376;1644
08117;366;646;738
08118;684;1328;1597
08119;466;1017;1283
08121;144;342;404
08125;363;654;854
08126;392;646;727
08127;296;630;768
08128;120;298;354
08135;122;311;419
08136;337;852;1187
08211;68;140;176
08212;151;294;346
08215;307;754;887
08216;268;421;486
08221;145;259;278
08222;203;374;435
08225;92;194;343
08226;481;769;859
08231;29;97;251
08235;280;517;661
08236;90;312;529
08237;162;433;536
08311;411;844;936
08315;386;864;1061
08316;237;474;511
08317;286;819;1009
08325;105;427;573
08326;172;367;470
08327;139;358;466
08335;138;355;424
08336;217;483;619
08337;96;248;300
08415;301;931;1417
08416;658;1082;1212
08417;339;725;1000
08421;118;222;253
08425;210;432;531
08426;187;420;511
08435;188;264;278
08436;342;483;536
08437;307;623;761
09161;76;298;400
09162;2461;4556;5499
09163;131;282;423
09171;103;425;567
09172;68;205;268
09173;146;34;401
09174;254;624;819
09175;171;349;435
09176;72;189;259
09177;261;495;558
09178;414;796;878
09179;337;662;795
09180;94;206;254
09181;124;285;323
09182;271;461;494
09183;125;365;468
09184;509;1031;1191
09185;68;191;253
09186;101;283;323
09187;737;1583;1982
09188;264;450;499
09189;200;727;1066
09190;178;309;329
09261;78;222;258
09262;41;105;126
09263;69;228;357
09271;115;192;255
09272;84;132;173
09273;123;350;422
09274;220;527;621
09275;120;341;496
09276;42;123;149
09277;207;616;693
09278;75;296;428
09279;91;161;189
09361;10;58;70
09362;152;346;424
09363;61;192;280
09371;55;319;433
09372;193;354;399
09373;80;204;329
09374;180;565;745
09375;154;349;410
09376;112;343;430
09377;401;962;1101
09461;63;131;181
09462;45;139;183
09463;20;38;57
09464;29;88;114
09471;158;329;375
09472;96;273;377
09473;45;94;171
09474;78;176;197
09475;86;253;360
09476;48;88;124
09477;73;149;194
09478;70;146;193
09479;200;531;613
09561;28;89;121
09562;67;173;228
09563;107;264;356
09564;221;674;895
09565;30;66;74
09571;138;347;509
09572;64;173;198
09573;148;400;466
09574;145;467;584
09575;55;145;223
09576;111;255;283
09577;87;241;282
09661;47;92;107
09662;53;123;161
09663;238;404;456
09671;134;377;479
09672;63;167;224
09673;36;113;172
09674;48;106;146
09675;28;87;142
09676;87;229;257
09677;54;127;146
09678;123;351;454
09679;186;342;393
09761;155;309;374
09762;29;77;101
09763;37;87;101
09764;27;44;49
09771;109;229;277
09772;170;326;365
09773;38;138;228
09774;77;174;212
09775;121;311;403
09776;99;219;237
09777;135;428;491
09778;114;232;267
09779;76;258;325
09780;86;152;166
10041;263;966;1153
10042;46;166;191
10043;81;188;225
10044;105;409;508
10045;97;237;275
10046;73;124;131
11000;2434;4612;5654
12051;15;45;55
12052;29;35;39
12053;6;22;25
12054;80;418;569
12060;68;215;354
12061;63;143;175
12062;31;68;73
12063;51;129;151
12064;107;170;197
12065;98;163;274
12066;16;36;42
12067;72;95;117
12068;12;37;56
12069;77;251;415
12070;9;20;23
12071;43;51;57
12072;43;92;123
12073;10;28;35
13003;53;72;75
13004;60;85;90
13071;58;102;109
13072;26;54;55
13073;33;73;76
13074;28;60;73
13075;56;108;128
13076;37;58;67
14511;89;172;196
14521;103;412;503
14522;98;227;249
14523;106;217;307
14524;327;614;741
14612;325;485;549
14625;168;278;346
14626;68;224;254
14627;70;174;215
14628;145;293;332
14713;280;476;548
14729;89;175;185
14730;37;106;135
15001;20;50;63
15002;135;255;309
15003;72;93;103
15081;12;28;31
15082;30;50;68
15083;49;87;132
15084;26;57;87
15085;44;141;234
15086;16;28;32
15087;16;35;36
15088;55;96;107
15089;37;58;62
15090;51;74;97
15091;66;137;152
16051;75;110;132
16052;19;50;134
16053;113;154;158
16054;6;11;13
16055;29;55;61
16056;4;12;16
16061;49;89;114
16062;12;33;56
16063;17;33;39
16064;10;52;70
16065;19;35;37
16066;31;55;90
16067;21;71;183
16068;22;32;36
16069;7;14;20
16070;54;101;120
16071;21;58;67
16072;20;49;89
16073;36;54;58
16074;27;50;55
16075;27;91;118
16076;112;233;389
16077;20;36;47
