Infektionsf„lle nach Meldung (https://experience.arcgis.com/experience/478220a4c454480e823b17327b2bf1d4/page/page_0/, Stand 08.06.2020)																																																		
																																																		
	Baden-Wrttemberg			Bayern			Berlin			Brandenburg			Bremen			Hamburg			Hessen			Mecklenburg-Vorpommern			Niedersachsen			Nordrhein-Westfalen			Reinland-Pfalz			Saarland			Sachsen			Sachsen-Anhalt			Schleswig-Holstein			Thringen				
	Stand gestern	neu berichtet	gesamt	Stand gestern	neu berichtet	gesamt	Stand gestern	neu berichtet	gesamt	Stand gestern	neu berichtet	gesamt	Stand gestern	neu berichtet	gesamt	Stand gestern	neu berichtet	gesamt	Stand gestern	neu berichtet	gesamt	Stand gestern	neu berichtet	gesamt	Stand gestern	neu berichtet	gesamt	Stand gestern	neu berichtet	gesamt	Stand gestern	neu berichtet	gesamt	Stand gestern	neu berichtet	gesamt	Stand gestern	neu berichtet	gesamt	Stand gestern	neu berichtet	gesamt	Stand gestern	neu berichtet	gesamt	Stand gestern	neu berichtet	gesamt		
02.03.2020	10	0	10	6	0	6	0	0	0	0	0	0	1	0	1	0	0	0	4	0	4	0	0	0	2	0	2	15	0	15	0	0	0	0	0	0	1	0	1	0	0	0	2	0	2	0	0	0		
03.03.2020	23	0	23	6	0	6	6	0	6	0	0	0	2	0	2	3	0	3	4	0	4	2	0	2	6	0	6	30	0	30	1	0	1	0	0	0	0	0	0	0	0	0	1	0	1	1	0	1		
04.03.2020	37	0	37	10	0	10	3	0	3	0	0	0	0	0	0	3	0	3	2	0	2	2	0	2	4	0	4	90	0	90	4	0	4	0	0	0	0	0	0	0	0	0	0	0	0	0	0	0		
05.03.2020	36	0	36	23	0	23	11	0	11	1	0	1	0	0	0	5	0	5	6	0	6	1	0	1	6	0	6	96	0	96	1	0	1	0	0	0	0	0	0	0	0	0	1	0	1	0	0	0		
06.03.2020	51	0	51	51	0	51	5	0	5	0	0	0	0	0	0	3	0	3	1	0	1	0	0	0	7	0	7	63	0	63	2	0	2	0	0	0	2	0	2	0	0	0	2	0	2	0	0	0		
07.03.2020	31	0	31	19	0	19	1	0	1	0	0	0	0	0	0	4	0	4	4	0	4	0	0	0	8	0	8	67	0	67	2	0	2	0	0	0	2	0	2	0	0	0	0	0	0	1	0	1		
08.03.2020	19	0	19	21	0	21	11	0	11	4	0	4	0	0	0	5	0	5	0	0	0	2	0	2	4	0	4	26	0	26	3	0	3	1	0	1	5	0	5	0	0	0	1	0	1	0	0	0		
09.03.2020	53	0	53	85	0	85	22	0	22	4	0	4	7	0	7	20	0	20	20	0	20	4	0	4	14	0	14	97	0	97	6	0	6	5	0	5	5	0	5	0	0	0	3	0	3	0	0	0		
10.03.2020	118	0	118	107	0	107	34	0	34	9	0	9	11	0	11	28	0	28	16	0	16	1	0	1	35	0	35	173	0	173	17	0	17	2	0	2	21	0	21	6	0	6	7	0	7	9	0	9		
11.03.2020	148	0	148	117	0	117	42	0	42	8	0	8	11	0	11	29	0	29	37	0	37	8	0	8	62	0	62	200	0	200	29	0	29	10	0	10	16	0	16	15	0	15	19	0	19	1	0	1		
12.03.2020	188	0	188	133	0	133	47	0	47	25	0	25	7	0	7	42	0	42	37	0	37	9	0	9	69	0	69	281	0	281	64	0	64	13	0	13	28	0	28	14	0	14	18	0	18	10	0	10		
13.03.2020	314	0	314	250	0	250	59	0	59	21	0	21	9	0	9	37	0	37	78	0	78	9	0	9	89	0	89	417	0	417	58	0	58	17	0	17	36	0	36	11	0	11	27	0	27	10	0	10		
14.03.2020	326	0	326	231	0	231	29	0	29	15	0	15	3	0	3	77	0	77	82	0	82	1	0	1	77	0	77	321	0	321	51	0	51	11	0	11	34	0	34	2	0	2	24	0	24	18	0	18		
15.03.2020	182	0	182	167	0	167	26	0	26	21	0	21	3	0	3	79	0	79	25	0	25	1	0	1	68	0	68	241	0	241	95	0	95	18	0	18	30	0	30	0	0	0	21	0	21	1	0	1		
16.03.2020	431	0	431	267	0	267	63	0	63	24	0	24	1	0	1	80	0	80	126	0	126	14	0	14	156	0	156	613	0	613	125	0	125	25	0	25	43	0	43	35	0	35	29	0	29	18	0	18		
17.03.2020	599	0	599	463	0	463	93	0	93	68	0	68	12	0	12	132	0	132	168	0	168	31	0	31	177	0	177	910	0	910	167	0	167	21	0	21	86	0	86	29	0	29	46	0	46	31	0	31		
18.03.2020	799	0	799	739	0	739	146	0	146	56	0	56	10	0	10	134	0	134	224	0	224	43	0	43	277	0	277	718	0	718	158	0	158	41	0	41	131	0	131	38	0	38	53	0	53	37	0	37		
19.03.2020	654	0	654	819	0	819	179	0	179	58	0	58	40	0	40	191	0	191	203	0	203	34	0	34	271	0	271	1138	0	1138	135	0	135	45	0	45	155	0	155	43	0	43	60	0	60	54	0	54		
20.03.2020	844	0	844	864	0	864	170	0	170	66	0	66	24	0	24	145	0	145	212	0	212	16	0	16	267	0	267	876	0	876	181	0	181	37	0	37	143	0	143	51	0	51	78	0	78	6	0	6		
21.03.2020	562	0	562	1105	0	1105	128	0	128	25	0	25	22	0	22	109	0	109	135	0	135	11	0	11	179	0	179	691	0	691	115	0	115	38	0	38	129	0	129	18	0	18	45	0	45	38	0	38		
22.03.2020	548	0	548	558	0	558	68	0	68	22	0	22	4	0	4	149	0	149	59	0	59	1	0	1	108	0	108	436	0	436	142	0	142	47	0	47	52	0	52	14	0	14	34	0	34	27	0	27		
23.03.2020	645	0	645	715	0	715	159	0	159	54	0	54	12	0	12	133	0	133	277	0	277	13	0	13	243	0	243	882	0	882	196	0	196	57	0	57	123	0	123	66	0	66	94	0	94	51	0	51		
24.03.2020	1183	0	1183	1220	0	1220	200	0	200	55	0	55	19	0	19	205	0	205	236	0	236	37	0	37	297	0	297	797	0	797	205	0	205	32	0	32	160	0	160	62	0	62	100	0	100	72	0	72		
25.03.2020	1184	0	1184	1684	0	1684	245	0	245	96	0	96	11	0	11	164	0	164	247	0	247	24	0	24	378	0	378	1038	0	1038	171	0	171	49	0	49	180	0	180	51	0	51	87	0	87	79	0	79		
26.03.2020	1215	0	1215	1708	0	1708	286	0	286	74	0	74	31	0	31	170	0	170	301	0	301	24	0	24	374	0	374	1050	0	1050	216	0	216	72	0	72	171	0	171	55	0	55	96	0	96	75	0	75		
27.03.2020	1248	0	1248	1642	0	1642	205	0	205	79	0	79	20	0	20	139	0	139	308	0	308	42	0	42	410	0	410	1102	0	1102	271	0	271	63	0	63	189	0	189	78	0	78	117	0	117	73	0	73		
28.03.2020	1003	0	1003	1421	0	1421	197	0	197	44	0	44	25	0	25	146	0	146	187	0	187	21	0	21	349	0	349	753	0	753	164	0	164	69	0	69	162	0	162	42	0	42	82	0	82	68	0	68		
29.03.2020	661	0	661	860	0	860	87	0	87	28	0	28	1	0	1	116	0	116	140	0	140	11	0	11	177	0	177	637	0	637	142	0	142	77	0	77	71	0	71	19	0	19	43	0	43	20	0	20		
30.03.2020	928	0	928	1037	0	1037	167	0	167	95	0	95	8	0	8	70	0	70	185	0	185	13	0	13	313	0	313	772	0	772	143	0	143	70	0	70	138	0	138	72	0	72	78	0	78	35	0	35		
31.03.2020	1227	0	1227	1825	0	1825	214	0	214	129	0	129	17	0	17	160	0	160	254	0	254	50	0	50	361	0	361	1058	0	1058	200	0	200	130	0	130	180	0	180	55	0	55	104	0	104	79	0	79		
01.04.2020	1241	0	1241	2000	0	2000	187	0	187	73	1	74	16	0	16	137	0	137	330	0	330	23	0	23	367	0	367	1163	0	1163	252	0	252	123	0	123	185	0	185	36	0	36	103	0	103	58	0	58		
02.04.2020	1412	0	1412	1932	0	1932	236	0	236	125	0	125	11	0	11	168	0	168	267	0	267	29	0	29	334	0	334	1210	0	1210	189	0	189	178	0	178	223	0	223	46	0	46	112	0	112	85	0	85		
03.04.2020	1264	0	1264	1872	0	1872	239	0	239	137	0	137	33	0	33	158	0	158	249	0	249	31	0	31	390	0	390	1057	0	1057	214	0	214	71	0	71	249	0	249	44	0	44	112	0	112	69	0	69		
04.04.2020	849	0	849	1488	0	1488	107	0	107	41	0	41	15	0	15	112	0	112	225	0	225	15	0	15	225	0	225	685	0	685	140	0	140	142	0	142	139	0	139	34	0	34	69	0	69	50	0	50		
05.04.2020	496	0	496	714	0	714	77	0	77	26	0	26	3	0	3	107	0	107	91	0	91	2	0	2	145	0	145	508	0	508	106	0	106	89	0	89	69	0	69	42	0	42	36	0	36	40	0	40		
06.04.2020	561	0	561	1128	0	1128	144	0	144	74	0	74	5	0	5	99	0	99	139	0	139	5	0	5	229	0	229	877	0	877	140	0	140	80	0	80	80	0	80	26	0	26	61	0	61	27	0	27		
07.04.2020	904	0	904	1529	0	1529	202	0	202	107	0	107	36	0	36	214	0	214	255	0	255	35	0	35	375	0	375	915	0	915	180	0	180	78	0	78	143	0	143	45	0	45	112	0	112	74	0	74		
08.04.2020	934	0	934	1546	0	1546	177	0	177	120	0	120	6	0	6	116	0	116	303	0	303	8	0	8	332	0	332	1045	0	1045	173	0	173	152	0	152	160	0	160	48	0	48	90	0	90	65	0	65		
09.04.2020	997	0	997	1267	0	1267	173	0	173	112	2	114	18	0	18	113	0	113	293	0	293	15	0	15	311	0	311	1010	0	1010	156	0	156	135	0	135	101	0	101	39	0	39	93	0	93	70	0	70		
10.04.2020	663	0	663	941	0	941	82	0	82	74	0	74	9	0	9	98	0	98	156	0	156	11	0	11	262	0	262	617	0	617	131	0	131	91	0	91	130	0	130	25	0	25	34	0	34	27	0	27		
11.04.2020	746	0	746	765	0	765	86	0	86	49	0	49	13	0	13	78	0	78	151	0	151	13	0	13	128	0	128	586	0	586	77	0	77	21	0	21	79	0	79	29	0	29	41	0	41	27	0	27		
12.04.2020	429	0	429	415	0	415	54	0	54	44	0	44	4	0	4	45	0	45	99	0	99	3	0	3	150	0	150	384	0	384	65	0	65	23	0	23	88	0	88	13	0	13	16	0	16	32	0	32		
13.04.2020	290	0	290	463	0	463	59	0	59	12	0	12	6	0	6	42	0	42	77	0	77	4	0	4	79	0	79	293	0	293	73	0	73	30	0	30	40	0	40	11	0	11	98	0	98	20	0	20		
14.04.2020	369	0	369	754	1	755	74	0	74	53	0	53	7	0	7	76	0	76	161	0	161	3	0	3	168	0	168	521	0	521	100	0	100	27	0	27	72	0	72	25	0	25	17	0	17	44	0	44		
15.04.2020	619	0	619	958	0	958	113	0	113	66	0	66	15	0	15	83	0	83	227	0	227	11	0	11	225	0	225	662	0	662	119	0	119	51	0	51	57	0	57	22	0	22	42	0	42	42	0	42		
16.04.2020	660	0	660	865	0	865	94	0	94	60	0	60	45	0	45	72	0	72	208	0	208	9	0	9	242	0	242	742	0	742	116	0	116	49	0	49	102	0	102	25	0	25	51	0	51	81	0	81		
17.04.2020	554	0	554	780	0	780	120	0	120	108	1	109	12	0	12	109	0	109	190	0	190	4	0	4	197	0	197	635	0	635	129	0	129	31	0	31	44	0	44	61	0	61	38	0	38	36	0	36		
18.04.2020	392	0	392	509	0	509	81	0	81	61	0	61	17	0	17	42	0	42	128	0	128	6	0	6	143	0	143	466	0	466	87	0	87	27	0	27	46	0	46	23	0	23	26	0	26	47	0	47		
19.04.2020	298	0	298	387	0	387	32	0	32	28	0	28	12	0	12	22	0	22	73	0	73	0	0	0	97	0	97	339	0	339	26	0	26	2	0	2	23	0	23	15	0	15	9	0	9	16	0	16		
20.04.2020	274	0	274	379	1	380	45	0	45	57	0	57	7	0	7	34	0	34	79	0	79	2	0	2	129	0	129	559	0	559	35	0	35	17	0	17	33	0	33	13	0	13	28	0	28	38	0	38		
21.04.2020	397	0	397	509	0	509	76	0	76	67	0	67	17	0	17	58	0	58	168	0	168	2	0	2	163	0	163	453	0	453	61	0	61	37	0	37	49	0	49	29	0	29	38	0	38	75	0	75		
22.04.2020	504	0	504	599	0	599	81	0	81	49	0	49	108	0	108	48	0	48	177	0	177	4	0	4	163	0	163	474	0	474	85	0	85	44	0	44	51	0	51	16	0	16	35	0	35	56	0	56		
23.04.2020	420	0	420	575	0	575	86	0	86	40	1	41	17	0	17	50	0	50	125	0	125	0	0	0	140	0	140	387	0	387	55	0	55	20	0	20	34	0	34	29	0	29	40	0	40	66	0	66		
24.04.2020	366	0	366	532	0	532	73	0	73	84	0	84	17	0	17	42	0	42	101	0	101	6	0	6	119	0	119	331	0	331	62	0	62	22	0	22	45	0	45	23	0	23	38	0	38	46	0	46		
25.04.2020	318	0	318	306	0	306	54	0	54	24	0	24	15	0	15	44	0	44	89	0	89	7	0	7	67	0	67	224	0	224	30	0	30	14	0	14	22	0	22	19	0	19	17	0	17	25	0	25		
26.04.2020	131	0	131	188	1	189	21	0	21	7	0	7	14	0	14	18	0	18	24	0	24	0	0	0	51	0	51	152	0	152	30	0	30	17	0	17	20	0	20	5	0	5	6	0	6	21	0	21		
27.04.2020	170	0	170	341	1	342	55	0	55	35	0	35	7	0	7	22	0	22	68	0	68	1	0	1	76	0	76	224	0	224	42	0	42	5	0	5	21	0	21	6	0	6	13	0	13	28	0	28		
28.04.2020	185	0	185	363	0	363	79	0	79	64	3	67	43	0	43	26	0	26	138	0	138	13	0	13	99	0	99	262	0	262	31	0	31	18	0	18	33	0	33	13	0	13	21	0	21	77	0	77		
29.04.2020	278	0	278	298	0	298	68	0	68	36	0	36	42	0	42	42	0	42	122	0	122	4	0	4	85	0	85	250	0	250	61	0	61	25	0	25	39	0	39	16	0	16	18	0	18	43	0	43		
30.04.2020	257	0	257	287	0	287	56	0	56	33	2	35	22	0	22	25	0	25	104	0	104	4	0	4	83	0	83	387	0	387	46	0	46	21	0	21	33	0	33	12	0	12	19	0	19	61	0	61		
01.05.2020	152	0	152	222	0	222	25	0	25	33	0	33	12	0	12	8	0	8	77	0	77	4	0	4	39	0	39	231	0	231	39	0	39	13	0	13	22	0	22	11	0	11	13	0	13	14	0	14		
02.05.2020	112	0	112	136	0	136	31	0	31	16	0	16	4	0	4	13	0	13	40	0	40	2	0	2	36	0	36	148	0	148	19	0	19	6	0	6	22	0	22	5	0	5	11	0	11	21	0	21		
03.05.2020	49	0	49	90	0	90	32	0	32	6	0	6	17	0	17	3	0	3	26	0	26	0	0	0	15	0	15	121	0	121	0	0	0	4	0	4	10	0	10	4	0	4	49	0	49	1	0	1		
04.05.2020	78	0	78	165	0	165	52	0	52	19	0	19	17	0	17	9	0	9	28	0	28	4	0	4	93	0	93	170	0	170	28	0	28	5	0	5	6	0	6	5	0	5	14	0	14	30	0	30		
05.05.2020	124	0	124	215	0	215	53	0	53	44	0	44	10	0	10	21	0	21	90	0	90	7	0	7	79	0	79	239	0	239	32	0	32	6	0	6	61	0	61	19	0	19	49	0	49	39	0	39		
06.05.2020	127	0	127	261	0	261	58	0	58	25	0	25	54	0	54	21	0	21	104	0	104	3	0	3	91	0	91	316	0	316	30	0	30	10	0	10	35	0	35	10	0	10	16	0	16	44	0	44		
07.05.2020	182	0	182	232	2	234	58	0	58	12	0	12	29	0	29	17	0	17	83	0	83	6	0	6	85	0	85	314	0	314	37	0	37	10	0	10	34	0	34	12	0	12	34	0	34	48	0	48		
08.05.2020	205	0	205	209	0	209	4	0	4	17	0	17	28	0	28	12	0	12	87	0	87	0	0	0	80	0	80	217	0	217	24	0	24	5	0	5	45	0	45	8	0	8	22	0	22	26	0	26		
09.05.2020	127	0	127	122	0	122	17	0	17	5	0	5	15	0	15	10	0	10	47	0	47	4	0	4	30	0	30	190	0	190	28	0	28	4	0	4	24	0	24	4	0	4	19	0	19	31	0	31		
10.05.2020	52	0	52	78	0	78	8	0	8	2	0	2	12	0	12	3	0	3	15	0	15	3	0	3	10	0	10	104	0	104	15	0	15	0	0	0	8	0	8	2	0	2	20	0	20	8	0	8		
11.05.2020	98	0	98	188	0	188	16	0	16	9	0	9	3	0	3	5	0	5	33	0	33	3	0	3	49	0	49	200	0	200	19	0	19	2	0	2	21	0	21	2	0	2	5	0	5	32	0	32		
12.05.2020	101	0	101	210	1	211	37	0	37	7	0	7	20	0	20	2	0	2	82	0	82	4	0	4	50	0	50	226	0	226	21	0	21	7	0	7	24	0	24	7	0	7	16	0	16	28	0	28		
13.05.2020	124	0	124	189	1	190	58	0	58	10	0	10	29	0	29	15	0	15	70	0	70	4	0	4	78	0	78	211	0	211	39	0	39	7	0	7	35	0	35	9	0	9	12	0	12	16	0	16		
14.05.2020	102	0	102	207	0	207	44	0	44	15	1	16	23	0	23	10	0	10	47	0	47	5	0	5	40	0	40	197	0	197	30	0	30	8	0	8	39	0	39	10	0	10	5	0	5	25	0	25		
15.05.2020	104	0	104	132	0	132	16	0	16	6	0	6	21	0	21	13	0	13	66	0	66	2	0	2	42	0	42	218	0	218	35	0	35	4	0	4	20	0	20	1	0	1	7	0	7	21	0	21		
16.05.2020	56	0	56	101	0	101	16	0	16	13	1	14	19	0	19	6	0	6	34	0	34	1	0	1	21	0	21	141	0	141	10	0	10	2	0	2	15	0	15	3	0	3	2	0	2	24	0	24		
17.05.2020	31	0	31	57	0	57	8	0	8	1	0	1	10	0	10	1	0	1	74	0	74	1	0	1	9	0	9	90	0	90	17	0	17	0	0	0	3	0	3	2	0	2	1	0	1	9	0	9		
18.05.2020	42	0	42	87	1	88	33	0	33	6	0	6	11	0	11	1	0	1	60	0	60	0	0	0	70	0	70	184	0	184	19	0	19	3	0	3	18	0	18	0	0	0	0	0	0	10	0	10		
19.05.2020	101	0	101	109	0	109	46	0	46	4	0	4	19	0	19	3	0	3	78	0	78	2	0	2	63	0	63	194	0	194	22	0	22	4	0	4	32	0	32	8	0	8	14	0	14	32	0	32		
20.05.2020	84	0	84	193	0	193	48	0	48	14	0	14	18	0	18	13	0	13	102	0	102	8	0	8	93	0	93	159	0	159	30	0	30	3	0	3	30	0	30	3	0	3	9	0	9	21	0	21		
21.05.2020	43	0	43	93	0	93	9	0	9	3	0	3	16	0	16	2	0	2	28	0	28	0	0	0	50	0	50	106	0	106	6	0	6	3	0	3	11	0	11	3	0	3	23	0	23	20	0	20		
22.05.2020	64	0	64	117	0	117	36	0	36	5	0	5	4	0	4	3	0	3	51	0	51	0	0	0	95	0	95	95	0	95	12	0	12	3	0	3	6	0	6	1	0	1	18	0	18	18	0	18		
23.05.2020	49	0	49	79	0	79	7	0	7	4	0	4	3	0	3	2	0	2	50	0	50	0	0	0	37	0	37	74	0	74	7	0	7	4	0	4	5	0	5	0	0	0	0	0	0	14	0	14		
24.05.2020	17	0	17	94	0	94	3	0	3	0	0	0	13	0	13	0	0	0	14	0	14	0	0	0	9	0	9	56	0	56	1	0	1	1	0	1	5	0	5	0	0	0	0	0	0	11	0	11		
25.05.2020	32	0	32	88	0	88	22	0	22	8	0	8	2	0	2	2	0	2	30	0	30	1	0	1	45	0	45	135	0	135	10	0	10	5	0	5	9	0	9	5	0	5	0	0	0	18	0	18		
26.05.2020	57	0	57	132	0	132	23	0	23	4	4	8	10	0	10	3	0	3	75	0	75	0	0	0	58	0	58	147	0	147	40	0	40	3	0	3	15	0	15	1	0	1	5	0	5	36	0	36		
27.05.2020	79	0	79	114	0	114	41	0	41	7	1	8	26	0	26	1	0	1	46	0	46	0	0	0	123	0	123	137	0	137	20	0	20	4	0	4	19	0	19	2	0	2	0	0	0	24	0	24		
28.05.2020	60	0	60	88	0	88	25	0	25	8	1	9	26	0	26	0	0	0	58	0	58	1	0	1	74	0	74	115	0	115	8	0	8	3	0	3	13	0	13	1	0	1	6	0	6	35	0	35		
29.05.2020	36	0	36	78	0	78	30	0	30	5	1	6	29	0	29	5	0	5	38	0	38	1	0	1	63	0	63	97	0	97	18	0	18	5	0	5	9	0	9	1	0	1	14	0	14	16	0	16		
30.05.2020	24	0	24	82	1	83	23	0	23	5	0	5	24	0	24	1	0	1	32	0	32	0	0	0	59	0	59	83	0	83	11	0	11	1	0	1	5	0	5	3	0	3	4	0	4	12	0	12		
31.05.2020	11	0	11	40	1	41	27	0	27	1	0	1	7	0	7	6	0	6	11	0	11	0	0	0	23	0	23	44	0	44	0	0	0	0	0	0	0	0	0	0	0	0	3	0	3	7	0	7		
01.06.2020	7	0	7	20	0	20	2	0	2	0	0	0	1	0	1	2	0	2	2	0	2	0	0	0	42	0	42	44	0	44	3	0	3	7	0	7	0	0	0	1	0	1	5	0	5	2	0	2		
02.06.2020	14	0	14	35	0	35	41	0	41	6	2	8	11	0	11	2	0	2	25	0	25	0	0	0	56	0	56	90	0	90	7	0	7	2	0	2	2	0	2	3	0	3	1	0	1	4	0	4		
03.06.2020	29	0	29	54	0	54	54	0	54	3	3	6	17	0	17	9	0	9	33	0	33	2	0	2	122	0	122	117	0	117	16	0	16	3	0	3	9	0	9	0	0	0	0	0	0	18	0	18		
04.06.2020	40	0	40	81	4	85	31	0	31	3	0	3	34	0	34	5	0	5	32	0	32	1	0	1	100	0	100	133	0	133	28	0	28	1	0	1	6	0	6	6	0	6	0	0	0	16	0	16		
05.06.2020	24	5	29	56	1	57	23	7	30	3	3	6	15	0	15	2	2	4	22	1	23	3	0	3	72	5	77	95	5	100	17	2	19	4	0	4	2	2	4	2	0	2	2	0	2	14	1	15		
06.06.2020	8	13	21	11	5	16	5	10	15	0	0	0	4	0	4	0	0	0	13	0	13	6	1	7	0	34	34	71	8	79	0	4	4	5	0	5	0	5	5	0	0	0	2	0	2	2	1	3		
07.06.2020	0	7	7	0	17	17	0	3	3	0	0	0	0	14	14	0	0	0	0	3	3	0	0	0	0	4	4	0	31	31	0	0	0	0	0	0	0	0	0	0	0	0	0	1	1	0	2	2		
