time_iso8601;2020-03-02T17:00:00+0000;2020-03-03T17:00:00+0000;2020-03-04T17:00:00+0000;2020-03-05T17:00:00+0000;2020-03-06T17:00:00+0000;2020-03-06T17:00:00+0000;2020-03-07T17:00:00+0000;2020-03-08T17:00:00+0000;2020-03-09T17:00:00+0000;2020-03-10T17:00:00+0000;2020-03-11T17:00:00+0000;2020-03-12T17:00:00+0000;2020-03-13T17:00:00+0000;2020-03-14T17:00:00+0000;2020-03-15T17:00:00+0000;2020-03-16T17:00:00+0000;2020-03-17T17:00:00+0000;2020-03-18T17:00:00+0000;2020-03-19T17:00:00+0000;2020-03-20T17:00:00+0000;2020-03-21T17:00:00+0000;2020-03-22T17:00:00+0000;2020-03-23T17:00:00+0000;2020-03-24T17:00:00+0000;2020-03-25T17:00:00+0000;2020-03-26T17:00:00+0000;2020-03-27T17:00:00+0000;2020-03-28T17:00:00+0000;2020-03-29T17:00:00+0000;2020-03-30T17:00:00+0000;2020-03-31T17:00:00+0000;2020-04-01T17:00:00+0000;2020-04-02T17:00:00+0000;2020-04-03T17:00:00+0000;2020-04-04T17:00:00+0000;2020-04-05T17:00:00+0000;2020-04-06T17:00:00+0000;2020-04-07T17:00:00+0000;2020-04-08T17:00:00+0000;2020-04-09T17:00:00+0000;2020-04-10T17:00:00+0000;2020-04-11T17:00:00+0000;2020-04-12T17:00:00+0000;2020-04-13T17:00:00+0000;2020-04-14T17:00:00+0000;2020-04-15T17:00:00+0000;2020-04-16T17:00:00+0000;2020-04-17T17:00:00+0000;2020-04-18T17:00:00+0000;2020-04-19T17:00:00+0000;2020-04-20T17:00:00+0000;2020-04-21T17:00:00+0000;2020-04-22T17:00:00+0000;2020-04-23T17:00:00+0000;2020-04-24T17:00:00+0000;2020-04-25T17:00:00+0000;2020-04-26T17:00:00+0000;2020-04-27T17:00:00+0000;2020-04-28T17:00:00+0000;2020-04-29T17:00:00+0000;2020-04-30T17:00:00+0000;2020-05-01T17:00:00+0000;2020-05-02T17:00:00+0000;2020-05-03T17:00:00+0000
1001;0;0;0;0;0;0;0;0;0;0;0;0;0;4;4;4;4;6;10;13;14;14;14;15;15;19;20;22;23;24;26;26;26;28;29;29;30;31;31;32;33;33;33;33;33;33;33;33;33;33;33;33;33;33;33;33;33;33;33;33;33;33;33;33
1002;0;0;0;0;0;0;0;0;0;3;7;11;12;13;13;18;20;25;34;37;39;41;52;63;69;75;87;98;112;121;124;136;146;156;159;163;167;170;175;186;192;194;194;197;198;207;216;218;221;221;235;240;243;244;249;251;252;255;260;263;264;264;265;265
1003;1;1;1;1;1;1;1;2;2;2;7;8;9;9;10;10;12;17;21;39;39;39;62;64;72;73;76;84;84;89;94;98;98;100;100;109;109;115;115;128;129;135;136;146;149;150;151;153;153;153;154;155;155;155;159;159;159;160;161;164;165;165;165;165
1004;0;0;0;0;0;0;0;0;0;0;0;0;0;0;0;1;1;5;5;7;7;7;10;12;13;13;15;15;15;20;25;25;29;30;30;32;34;34;36;41;42;42;42;42;42;43;46;49;50;50;50;60;60;62;62;62;62;63;64;65;65;65;66;66
1051;0;0;0;1;1;1;1;1;1;1;1;1;1;1;6;6;6;11;12;15;15;15;16;17;19;21;24;24;24;27;28;30;34;38;40;41;41;43;49;51;51;52;53;53;54;54;54;54;54;54;54;54;54;54;54;54;54;54;54;54;54;54;54;54
1053;1;1;1;1;1;1;1;1;1;3;5;6;10;10;10;13;17;21;24;24;36;40;47;52;59;71;80;80;80;92;112;115;136;147;155;155;163;173;177;184;184;198;198;204;205;213;223;226;229;229;234;236;248;253;254;257;257;259;261;261;262;262;262;262
1054;0;0;0;0;0;0;0;0;0;0;0;1;1;1;1;1;9;10;12;15;17;18;20;22;24;27;32;36;39;40;41;43;46;46;47;47;50;50;56;62;64;64;65;67;67;68;68;70;70;70;70;71;71;75;76;77;77;78;78;78;79;81;81;81
1055;0;0;0;0;0;0;0;0;0;1;1;1;1;1;3;4;4;6;11;11;12;12;15;18;22;23;23;25;28;33;39;43;46;50;50;51;51;51;53;54;56;57;57;57;57;57;58;58;58;58;58;58;59;60;63;64;64;64;65;66;67;67;67;67
1056;0;1;1;1;2;2;2;2;3;4;9;11;20;27;30;36;51;58;66;80;89;99;109;135;152;165;191;206;215;225;241;274;285;327;348;360;374;419;443;458;466;468;473;474;479;484;485;492;495;495;495;500;505;518;525;529;530;531;537;540;547;554;561;561
1057;0;0;0;0;0;0;0;0;2;2;2;2;2;5;5;7;8;10;11;12;15;19;24;31;38;45;49;53;53;56;58;64;69;72;73;75;80;83;89;93;94;99;101;101;101;101;104;104;104;104;104;107;110;112;115;115;115;116;117;118;119;119;119;119
1058;0;0;0;0;0;0;0;0;0;0;2;5;9;10;14;16;20;25;28;35;38;42;51;65;79;95;106;117;118;129;132;139;149;156;165;165;171;177;184;189;193;196;197;197;197;201;208;212;214;216;219;220;221;224;228;229;230;230;232;234;235;235;235;235
1059;0;0;0;0;0;0;0;0;0;0;1;3;6;10;15;16;17;20;22;24;25;28;29;35;37;46;56;65;66;68;79;82;91;94;96;96;96;101;104;107;108;110;112;112;112;113;115;116;117;117;117;122;122;122;122;123;124;124;126;126;126;126;126;126
1060;1;1;1;1;2;2;2;2;2;2;2;4;4;6;6;10;14;18;22;27;29;30;34;43;48;55;63;72;79;80;93;109;119;133;141;143;152;164;171;179;183;184;186;192;195;199;202;204;207;207;207;207;207;207;212;213;214;215;217;219;222;224;225;226
1061;0;0;0;0;0;0;0;0;0;0;0;0;2;3;3;3;3;3;7;12;12;12;19;20;23;28;36;36;36;40;43;50;52;53;54;54;60;65;69;71;73;73;73;73;73;75;76;77;77;79;79;79;81;81;82;82;82;82;82;82;84;84;84;132
1062;2;2;2;2;2;2;2;2;2;2;2;4;7;8;9;13;19;24;34;47;58;63;71;82;91;100;114;123;128;134;149;159;173;181;193;196;199;211;223;232;233;236;237;307;311;318;327;339;348;353;358;363;369;378;383;386;387;390;390;392;392;394;395;395
2000;2;4;7;13;16;16;19;24;44;70;99;141;174;250;324;398;531;659;851;991;1101;1249;1376;1554;1697;1843;1982;2125;2232;2304;2455;2589;2756;2911;3022;3126;3227;3415;3522;3636;3735;3813;3857;3899;3958;4033;4096;4191;4225;4241;4271;4328;4375;4425;4465;4509;4527;4546;4566;4605;4625;4633;4644;4644
3101;0;0;0;1;1;1;1;1;1;1;2;2;2;5;8;8;11;13;18;26;30;56;58;74;80;94;109;138;144;147;167;185;208;218;223;229;231;240;244;267;270;271;273;275;279;283;286;288;290;290;291;291;293;293;298;299;300;300;301;304;304;305;306;306
3102;0;0;0;0;0;0;0;0;0;0;1;1;2;2;2;2;4;7;10;18;24;25;27;31;34;42;45;45;50;53;58;61;64;67;70;72;72;85;90;94;97;97;97;99;101;106;109;112;113;115;116;118;118;125;125;125;125;127;129;129;129;130;130;130
3103;0;0;0;0;0;0;0;0;0;0;0;0;3;3;3;3;4;8;10;15;19;27;29;34;47;53;116;145;164;164;183;191;216;219;222;222;224;226;232;241;248;249;250;250;250;253;257;267;271;272;272;276;279;281;281;282;282;282;283;283;284;284;285;285
3151;0;0;0;0;0;0;0;0;0;0;2;5;7;7;7;16;22;23;27;32;34;35;38;39;43;48;51;61;61;69;78;84;86;91;93;94;97;102;103;104;104;104;107;107;109;113;118;119;119;119;120;121;121;121;122;122;122;123;123;124;124;124;124;124
3153;0;0;0;0;0;0;0;0;0;0;0;0;5;7;7;7;9;14;16;18;21;21;22;30;36;45;51;51;51;58;59;60;70;74;82;87;87;90;98;113;113;113;113;113;123;132;136;141;141;141;164;169;177;182;184;184;184;198;205;208;210;210;210;210
3154;0;0;0;0;0;0;0;0;0;0;0;0;2;2;2;2;2;7;8;11;16;18;20;24;28;39;45;52;54;59;65;74;74;77;80;80;82;83;86;90;92;94;95;95;95;95;97;101;101;121;122;124;124;139;139;142;142;143;143;147;147;147;147;147
3155;0;0;0;0;0;0;0;0;0;0;3;4;4;4;4;4;5;7;10;13;13;13;18;22;22;25;28;28;30;34;35;38;40;43;47;47;52;52;56;57;61;63;72;72;74;79;85;90;94;96;96;98;101;105;105;106;107;107;107;108;109;109;109;109
3157;0;0;0;0;0;0;0;0;0;0;0;0;2;2;2;2;8;9;13;15;20;21;23;25;31;40;47;59;61;79;89;94;99;105;109;109;109;116;121;123;123;125;125;125;126;129;129;131;131;131;131;134;135;135;136;136;136;136;138;139;139;139;139;139
3158;0;0;0;0;0;0;0;0;0;0;0;0;0;0;0;0;1;2;3;4;4;4;8;16;21;27;32;32;32;35;38;45;53;60;60;62;76;80;85;92;108;109;109;109;114;120;128;139;140;152;152;155;159;159;164;164;164;170;171;173;174;174;174;176
3159;0;0;0;0;0;0;0;0;0;0;0;5;6;8;10;14;19;38;45;53;63;67;78;85;94;109;127;136;163;175;186;209;229;252;265;289;298;318;345;355;390;401;455;473;477;526;549;554;599;603;627;653;678;700;708;718;720;731;741;755;760;765;765;765
3241;1;2;3;3;5;5;6;7;9;15;21;45;55;64;75;101;133;204;244;304;334;339;380;450;551;634;685;730;779;838;883;963;1014;1073;1103;1124;1161;1238;1317;1392;1416;1436;1459;1468;1509;1534;1582;1628;1658;1671;1683;1718;1746;1778;1805;1830;1855;1857;1884;1903;1935;1947;1960;1971
3251;0;0;0;0;0;0;0;0;0;1;11;16;19;19;23;24;24;31;39;61;61;67;85;97;99;109;117;126;129;139;147;162;180;198;202;203;210;217;233;247;248;250;254;256;263;269;274;281;287;292;296;299;300;305;312;313;314;318;319;319;325;326;328;328
3252;0;0;0;0;0;0;0;0;0;1;1;2;2;3;4;9;9;13;18;23;26;26;27;28;32;36;40;48;48;55;71;77;78;82;88;88;88;90;91;93;94;94;94;96;97;99;102;104;105;108;108;113;114;114;115;115;116;116;118;119;119;119;119;119
3254;0;0;0;0;0;0;1;1;3;3;3;7;11;13;18;19;36;53;68;72;86;86;96;107;111;121;130;136;137;140;149;159;169;176;182;182;185;193;199;203;209;213;214;216;216;226;237;246;254;257;258;271;273;277;279;279;279;282;286;287;293;297;297;297
3255;0;0;0;0;0;0;0;0;0;0;2;2;2;6;11;13;15;16;22;25;29;29;30;35;37;40;45;48;48;57;64;71;74;76;79;79;79;80;91;92;92;95;95;95;95;98;99;99;100;100;100;103;103;104;104;104;104;104;104;104;104;104;104;104
3256;0;0;0;0;0;0;0;0;0;0;2;2;2;2;4;6;7;9;12;15;16;17;19;21;22;25;25;26;27;28;35;39;39;41;49;51;51;52;55;59;59;59;59;59;59;61;61;62;62;62;63;63;63;63;63;63;63;63;68;68;69;69;69;69
3257;0;0;0;0;0;0;0;0;0;0;0;2;2;3;3;5;12;19;22;26;28;28;29;35;42;46;51;51;51;52;56;59;63;76;79;79;81;89;102;109;116;118;119;120;122;129;132;133;136;136;136;137;138;140;141;142;144;144;146;146;146;146;146;146
3351;0;0;0;3;3;3;3;3;4;5;6;6;8;8;8;13;19;23;24;28;29;29;37;43;51;60;68;70;71;83;91;95;97;100;104;104;108;109;115;119;123;124;128;129;133;140;142;143;144;144;144;145;148;150;153;156;159;161;165;174;176;177;177;177
3352;2;4;4;4;4;4;4;4;4;4;5;5;6;6;6;7;14;19;25;26;26;26;39;41;41;46;49;49;49;54;55;59;59;62;62;62;65;70;72;74;74;75;75;75;77;78;78;78;78;78;81;82;87;87;95;95;96;99;102;105;108;108;108;108
3353;0;0;0;0;3;3;4;5;5;5;6;13;15;24;28;31;46;54;74;87;99;105;109;116;130;140;142;156;157;171;195;216;229;268;275;276;297;310;325;347;358;370;373;374;385;391;404;426;433;434;435;446;463;467;481;482;482;484;491;495;497;501;501;501
3354;0;0;0;0;0;0;0;0;0;0;0;0;0;0;0;0;0;0;1;6;6;6;6;6;7;7;9;9;9;9;9;10;11;12;13;13;14;14;14;14;14;14;14;14;14;15;15;15;15;15;15;16;17;17;17;17;17;17;17;18;18;18;18;18
3355;0;0;0;0;0;0;0;0;0;0;1;1;3;3;3;5;23;29;42;52;60;60;61;65;69;71;75;81;81;83;95;105;110;115;119;119;123;126;132;137;139;139;140;140;145;148;154;157;157;157;160;161;163;163;163;163;163;163;163;163;164;164;164;164
3356;0;0;0;0;0;0;0;0;0;6;10;10;13;14;14;21;22;22;24;25;26;26;28;30;32;36;44;46;46;49;50;55;57;57;57;57;60;60;64;64;65;68;69;69;71;72;73;73;74;74;74;75;76;77;78;79;79;79;80;81;81;81;81;81
3357;0;2;2;2;2;2;2;2;3;5;5;5;5;11;11;16;16;18;20;23;25;27;29;32;34;43;43;47;48;49;50;55;59;59;65;66;66;68;71;72;74;74;79;80;81;85;88;90;90;90;91;92;92;92;93;94;94;94;95;97;97;99;99;99
3358;0;0;0;0;0;0;0;0;0;0;0;0;1;1;1;1;1;2;4;4;6;6;7;10;10;16;21;22;24;25;28;30;33;38;42;43;44;44;49;52;52;55;55;55;56;58;60;61;62;62;63;63;65;66;66;66;66;66;69;69;70;70;70;70
3359;0;0;0;1;2;2;5;5;5;11;14;15;18;22;23;27;31;34;43;51;55;60;67;74;85;99;104;109;110;117;119;126;136;145;151;152;152;159;161;164;169;169;172;173;175;176;176;176;178;178;178;179;183;185;186;186;186;188;189;189;189;191;191;191
3360;0;0;0;0;0;0;0;0;0;0;1;1;1;1;1;1;1;3;5;7;7;10;11;11;14;14;18;18;18;21;25;26;26;28;29;29;29;29;31;33;33;33;34;34;34;34;39;39;39;39;39;39;40;40;41;41;41;41;41;41;41;41;41;41
3361;0;0;0;0;0;0;0;0;0;3;5;6;8;10;10;11;13;20;21;25;26;26;35;36;38;42;49;56;56;57;72;79;81;95;95;95;101;105;106;106;107;107;107;107;109;110;112;112;112;112;113;113;115;115;115;115;115;116;117;118;119;120;123;123
3401;1;1;1;1;1;1;1;1;1;1;5;5;5;5;5;5;6;6;9;9;9;9;13;13;15;16;17;17;19;20;23;23;24;25;26;26;26;26;28;29;29;29;29;31;31;32;33;33;34;37;37;37;40;41;41;41;44;45;45;45;45;46;46;46
3402;0;0;0;0;0;0;0;0;0;0;3;3;3;3;3;4;7;7;7;7;7;7;7;7;7;7;7;7;7;7;8;8;8;9;11;11;12;12;14;14;14;14;14;14;14;15;15;15;15;15;15;15;15;16;16;16;16;16;16;17;17;17;17;17
3403;0;0;1;1;1;1;1;1;1;1;2;7;11;15;15;18;18;19;22;29;29;29;47;53;58;59;71;77;83;87;89;95;106;111;128;130;133;133;135;139;141;142;144;148;149;150;151;152;152;152;152;153;155;155;156;156;156;158;160;160;160;160;160;160
3404;0;0;0;0;0;0;0;0;2;5;5;8;19;19;20;48;56;71;93;99;108;118;128;147;163;176;186;205;212;231;241;244;254;268;279;293;310;335;351;360;368;377;379;383;386;391;400;409;411;414;421;425;429;432;435;436;436;436;437;437;438;438;438;438
3405;0;0;0;0;0;0;2;2;2;3;3;3;4;5;5;5;5;5;5;6;6;6;6;6;6;6;6;6;6;7;7;8;9;12;12;13;13;14;14;14;14;15;15;15;16;16;17;17;17;17;17;17;17;17;18;19;19;20;21;22;22;22;22;22
3451;0;1;1;1;1;1;1;1;2;3;3;6;7;7;8;10;15;15;18;21;24;28;33;37;47;56;65;79;79;81;87;90;97;106;107;108;113;119;125;129;129;129;135;137;138;145;151;151;151;156;156;159;159;160;161;161;161;161;161;161;161;161;161;161
3452;0;0;0;0;0;0;0;0;0;1;3;3;10;10;13;16;16;20;22;26;26;27;29;29;33;36;40;40;45;54;57;62;66;67;67;68;69;70;73;74;74;74;74;74;75;75;75;75;75;75;76;81;83;83;84;84;84;86;87;88;89;90;91;91
3453;0;0;0;0;0;0;0;0;0;0;1;2;2;3;3;4;4;4;7;10;11;13;14;22;26;31;34;35;39;40;42;42;45;49;52;55;56;57;59;67;79;87;87;87;89;90;91;91;91;91;92;93;93;94;97;98;98;98;98;98;99;99;99;100
3454;0;0;0;0;0;0;0;0;1;2;3;4;9;19;26;30;31;42;51;61;62;66;72;87;101;111;130;136;139;146;161;169;178;186;196;198;212;243;252;263;294;298;309;316;329;339;358;362;364;364;369;372;377;382;382;383;384;386;387;390;394;395;406;406
3455;0;0;0;0;0;0;0;2;2;2;2;2;3;3;3;3;3;3;3;3;5;6;6;7;9;9;10;10;10;12;15;17;17;22;22;22;23;23;23;23;24;25;27;27;27;27;28;29;29;30;30;30;30;30;31;31;31;31;31;32;33;33;33;33
3456;0;0;1;1;1;1;1;1;1;1;1;3;4;4;5;5;5;11;16;25;29;29;29;34;44;52;64;78;80;84;90;97;107;118;125;127;131;144;149;156;168;172;173;175;184;184;197;201;203;205;206;212;213;216;216;217;218;220;222;223;225;225;225;225
3457;0;0;1;1;1;1;1;1;1;1;1;1;1;1;3;3;3;10;12;12;13;14;14;17;22;25;28;33;34;38;41;44;48;53;54;59;62;62;63;66;66;67;69;71;72;77;80;82;85;86;86;89;90;90;91;92;93;93;95;96;97;97;97;97
3458;0;0;0;0;0;0;0;0;1;3;4;4;4;4;4;7;9;11;14;17;23;24;27;34;44;54;63;107;108;113;118;138;149;154;160;161;161;168;172;175;178;181;181;181;182;185;188;191;195;195;196;197;198;204;205;207;208;209;210;211;211;211;211;211
3459;0;0;0;1;2;2;2;2;7;7;7;7;11;11;14;40;51;72;86;104;117;127;150;176;201;232;255;281;303;323;343;359;388;437;465;490;536;608;638;668;717;743;748;760;775;793;808;831;841;853;879;884;906;907;924;927;932;940;941;945;948;948;949;949
3460;0;0;0;0;0;0;0;0;0;0;2;2;2;3;3;6;9;19;27;33;47;47;59;62;92;95;126;128;128;154;177;192;198;212;212;228;234;244;255;263;268;271;271;271;276;281;286;291;291;293;299;301;302;304;305;306;306;307;307;308;308;308;310;310
3461;0;0;0;0;0;0;0;0;0;0;0;0;0;0;0;0;0;4;5;5;5;9;9;10;24;31;38;39;39;39;40;42;44;46;47;47;47;47;47;48;49;49;51;51;51;51;51;51;51;51;51;51;51;51;51;51;51;51;51;51;51;51;51;51
3462;0;0;0;0;0;0;0;0;0;0;1;1;1;3;3;3;3;4;4;4;4;4;5;5;7;8;12;14;14;15;15;15;16;16;16;16;16;20;20;20;20;20;20;21;21;21;22;22;22;24;24;24;24;24;24;24;24;24;24;24;25;25;26;26
4011;2;4;4;4;4;4;4;4;10;21;32;38;43;45;48;49;57;66;104;128;150;154;166;185;194;225;245;267;268;275;290;306;317;349;362;365;370;405;411;429;438;451;455;461;468;483;527;537;554;566;572;588;664;674;686;699;713;720;753;789;807;818;821;838
4012;0;0;0;0;0;0;0;0;1;1;1;2;6;7;7;7;11;12;14;14;14;14;14;14;16;16;16;19;19;20;22;22;22;23;25;25;25;26;26;26;26;26;26;26;26;26;27;27;27;27;28;29;29;31;37;39;39;39;45;49;52;53;54;55
5111;0;0;2;2;3;3;3;3;5;6;7;7;24;24;24;66;130;166;188;207;207;207;253;275;294;321;344;363;368;422;468;497;543;574;584;594;649;674;719;743;750;759;771;784;809;841;857;876;887;909;926;938;950;959;966;970;980;1003;1019;1029;1051;1060;1072;1087
5112;1;1;2;2;3;3;3;3;3;8;9;10;14;14;14;37;49;56;74;92;118;134;149;163;189;223;241;255;263;293;316;331;347;370;379;403;421;452;493;520;542;560;580;593;607;626;639;659;670;677;689;717;742;760;787;789;799;810;831;849;878;889;896;908
5113;0;0;0;0;0;0;4;4;4;4;4;10;16;16;54;54;54;54;127;127;170;177;231;235;263;288;323;323;329;331;342;342;359;374;382;382;418;431;456;460;464;467;468;468;484;488;502;503;505;505;678;689;701;709;717;720;720;727;727;737;738;738;738;738
5114;0;0;0;0;0;0;0;0;0;1;8;11;17;26;30;34;40;44;50;61;73;73;90;97;114;125;156;174;174;195;208;218;231;255;257;258;263;269;273;283;283;283;290;290;300;302;320;342;357;399;415;427;438;451;462;470;470;478;485;496;504;521;526;527
5116;1;1;3;4;7;7;7;7;8;16;18;21;30;36;36;37;46;56;79;84;104;104;108;122;126;150;168;175;176;182;210;221;247;261;267;296;303;314;329;338;361;365;373;377;379;385;402;420;426;426;429;433;449;456;461;465;467;472;482;483;489;495;498;499
5117;0;0;0;0;0;0;0;0;0;0;4;5;8;8;8;10;14;17;25;30;34;34;42;48;51;52;61;61;61;75;78;85;94;100;100;101;110;118;119;120;120;130;130;130;136;136;139;141;141;141;146;148;159;160;165;165;165;168;169;169;176;176;176;176
5119;0;0;0;0;0;0;0;0;0;0;2;8;11;13;13;14;18;27;36;37;37;39;40;43;47;59;62;64;64;64;80;85;96;105;115;115;118;128;135;143;145;147;148;148;151;159;166;172;172;173;175;179;181;183;184;185;186;188;190;191;198;216;228;228
5120;0;0;0;0;0;0;0;0;0;4;5;7;7;8;8;9;11;13;19;20;20;32;33;34;39;43;52;57;57;59;67;78;86;89;89;96;101;110;114;143;158;161;162;163;167;180;188;194;196;197;200;203;205;209;210;210;210;210;213;213;213;214;214;214
5122;0;0;0;0;0;0;0;0;0;3;3;5;5;7;8;10;21;24;36;39;40;44;48;54;65;73;82;88;95;101;108;113;125;136;137;139;149;153;154;161;166;172;176;183;189;191;198;202;207;207;211;216;219;221;223;223;223;224;226;226;227;227;227;227
5124;0;0;0;0;0;0;0;0;0;0;1;3;8;15;16;24;38;50;73;75;77;96;108;123;143;164;186;195;196;207;250;263;285;296;327;339;379;401;481;508;533;549;561;569;579;604;625;683;700;710;733;753;759;765;769;782;787;795;803;810;814;820;827;828
5154;0;0;0;0;0;0;0;0;0;2;4;7;15;22;22;41;53;69;90;98;103;103;121;127;145;174;192;226;238;241;250;269;283;292;306;306;309;325;346;365;367;415;415;415;421;440;448;458;474;477;487;501;509;519;536;539;542;550;559;564;572;574;576;576
5158;0;0;0;0;1;1;1;1;4;5;9;14;16;22;22;43;61;75;97;112;149;157;196;205;226;246;266;279;300;322;351;375;393;413;434;464;482;513;557;604;621;622;634;650;681;691;711;727;746;756;768;773;780;793;806;810;820;824;841;851;863;863;866;866
5162;1;2;5;5;5;5;5;5;5;6;10;12;19;22;23;32;42;48;84;109;122;139;149;193;227;258;292;295;328;347;367;392;423;433;440;467;471;473;480;497;498;503;507;509;516;520;527;532;538;549;551;554;568;571;572;572;575;578;589;595;603;611;619;619
5166;1;2;2;4;4;4;4;4;5;7;12;18;22;36;43;51;63;80;108;118;133;136;153;158;176;187;205;215;235;242;287;309;321;365;378;384;387;402;412;437;458;463;465;472;482;489;503;510;530;538;540;564;569;581;589;599;599;602;606;619;626;647;650;651
5170;1;1;1;1;1;1;1;1;2;7;10;17;25;34;34;56;79;95;115;134;139;140;156;168;187;205;220;222;223;235;244;253;265;277;284;284;301;324;340;358;359;376;393;400;410;416;422;434;437;448;455;462;470;477;488;492;494;499;503;510;518;519;523;525
5314;1;1;1;1;2;2;4;4;6;12;17;22;23;24;28;38;72;79;92;124;138;157;168;192;223;230;245;262;271;275;300;322;354;371;402;417;423;444;452;477;491;508;520;530;541;551;554;560;574;576;582;587;597;599;622;634;636;639;646;650;662;667;667;667
5315;8;14;16;21;31;31;32;34;44;54;62;104;152;240;275;323;422;512;615;714;774;821;869;958;1035;1096;1181;1260;1318;1384;1473;1600;1673;1724;1743;1768;1810;1864;1934;1974;2002;2022;2053;2061;2080;2102;2125;2151;2158;2163;2171;2186;2204;2217;2228;2243;2249;2253;2262;2276;2295;2310;2317;2321
5316;0;0;0;0;0;0;0;0;0;1;1;5;5;11;11;15;20;28;33;38;41;41;48;52;63;70;77;90;92;102;117;124;133;139;142;142;146;149;152;153;155;158;158;159;161;172;176;182;184;184;185;185;186;190;190;191;191;192;195;196;200;200;201;201
5334;9;9;25;40;49;49;54;58;61;63;70;76;98;150;165;175;231;246;297;410;477;501;528;589;667;721;761;812;851;901;960;1058;1145;1215;1263;1269;1275;1356;1408;1471;1508;1516;1541;1554;1562;1618;1650;1670;1693;1707;1719;1754;1794;1812;1823;1835;1837;1842;1851;1863;1882;1884;1884;1884
5358;2;2;4;4;4;4;4;5;5;7;9;14;17;23;26;31;43;52;76;97;127;144;151;162;175;193;210;230;239;243;259;267;311;328;342;348;349;368;390;412;436;447;457;461;464;476;495;503;513;518;519;527;530;536;540;543;546;547;548;552;556;560;561;564
5362;0;0;0;1;1;1;1;1;1;4;6;10;19;21;23;38;47;63;73;113;130;133;155;166;197;211;222;230;275;310;341;383;435;481;481;513;576;616;655;719;736;756;759;782;787;807;823;861;865;883;890;903;926;929;936;945;948;950;958;959;973;984;994;997
5366;0;0;0;1;1;1;1;1;3;3;4;5;7;11;11;11;19;30;40;52;58;61;61;63;67;93;107;116;128;130;136;156;166;207;212;214;224;226;241;258;268;272;278;284;285;291;304;307;309;310;318;320;331;333;336;340;340;342;347;350;357;370;370;370
5370;84;101;146;201;228;228;275;288;332;398;463;529;603;640;658;724;798;828;887;928;958;987;1016;1046;1099;1160;1218;1242;1252;1277;1317;1390;1414;1440;1453;1453;1475;1497;1530;1552;1552;1576;1576;1576;1585;1611;1630;1685;1695;1695;1703;1706;1713;1723;1730;1733;1733;1743;1747;1747;1756;1756;1756;1756
5374;0;1;1;4;4;4;4;4;4;5;10;13;13;13;13;33;33;50;64;73;73;97;100;114;135;154;173;189;223;231;260;277;294;301;318;318;329;338;347;361;361;370;370;370;373;383;392;400;419;419;423;430;437;439;444;444;444;448;449;449;451;451;451;451
5378;1;3;3;3;3;3;3;3;8;11;15;18;29;29;29;38;45;46;47;56;73;102;112;123;137;161;166;175;196;207;218;223;232;244;255;278;291;303;312;325;341;359;371;374;378;385;391;392;395;397;400;401;403;408;414;422;423;425;425;425;429;429;430;431
5382;0;2;3;4;5;5;5;5;13;13;18;22;31;31;31;43;72;95;142;167;167;167;260;306;350;398;454;488;505;537;548;578;608;683;700;718;756;784;828;854;871;892;899;912;954;987;1015;1028;1053;1082;1084;1098;1103;1112;1126;1138;1141;1151;1158;1163;1168;1173;1187;1188
5512;0;0;0;0;0;0;0;0;1;1;3;3;3;3;4;4;5;10;10;15;18;18;18;25;28;29;33;38;38;40;43;45;51;56;61;62;65;71;79;84;86;87;89;91;96;101;104;107;111;113;120;123;126;139;142;143;144;145;147;149;155;157;157;168
5513;0;0;0;2;2;2;2;2;2;3;3;4;8;9;11;11;16;21;37;42;45;45;49;54;61;71;90;96;98;107;121;134;150;167;173;182;201;205;213;224;229;232;238;242;244;251;257;267;270;272;276;283;291;313;316;322;323;331;334;336;337;338;339;341
5515;1;1;3;4;4;4;4;5;5;6;8;15;22;22;40;67;96;123;170;207;230;250;273;308;335;367;403;425;433;450;472;487;505;512;527;538;554;563;569;579;579;584;584;589;595;598;600;604;609;609;611;614;619;624;626;628;628;629;630;633;633;633;633;633
5554;1;1;1;5;5;5;5;5;7;9;12;16;32;43;60;105;138;189;228;262;279;290;305;323;351;377;407;434;439;465;498;550;587;627;656;667;685;710;739;757;764;769;782;792;800;811;832;836;843;843;848;857;863;871;874;876;876;877;879;881;886;888;890;891
5558;0;0;10;11;12;12;12;15;17;22;24;30;39;45;46;51;65;79;92;111;111;115;151;159;176;196;229;229;282;297;315;336;361;379;380;380;401;410;422;424;434;446;453;453;455;458;458;468;474;476;480;480;482;485;490;490;495;498;501;504;515;517;527;541
5562;0;0;0;0;0;0;0;0;0;2;7;9;15;15;15;42;57;71;85;92;93;98;131;145;150;179;230;249;263;293;327;363;388;421;461;475;491;510;540;587;613;627;636;638;654;717;736;763;818;846;880;917;938;964;987;1002;1009;1016;1025;1025;1060;1082;1089;1108
5566;0;0;0;0;0;0;1;1;1;3;3;3;3;3;3;22;81;102;133;158;158;158;201;233;247;276;306;340;367;386;409;440;509;541;591;615;684;735;795;851;881;921;940;959;1007;1020;1036;1056;1076;1100;1120;1129;1148;1164;1173;1183;1200;1209;1218;1225;1231;1241;1249;1251
5570;0;0;0;0;0;0;1;1;1;5;7;10;25;40;55;62;89;109;130;162;192;195;219;225;251;256;276;288;292;304;316;337;343;344;345;346;349;353;366;368;376;378;400;404;414;414;422;426;427;429;430;432;441;445;447;448;449;451;456;460;463;465;467;471
5711;0;0;0;0;1;1;1;1;2;3;4;15;16;19;19;20;27;32;33;35;36;38;70;76;130;150;155;155;155;169;178;179;203;211;222;225;230;239;270;275;286;296;296;296;297;300;354;354;354;358;358;368;376;378;378;380;380;380;380;383;384;384;384;384
5754;0;0;0;0;0;0;0;0;0;0;6;7;24;26;37;71;84;108;150;165;194;199;212;228;255;277;302;314;334;346;358;374;387;397;403;426;442;467;483;492;500;507;508;512;515;521;534;544;549;555;578;580;584;590;590;590;590;590;591;594;596;597;597;597
5758;0;0;0;0;2;2;2;2;2;3;5;6;18;22;24;25;36;53;74;84;96;96;100;107;116;124;138;143;144;148;153;177;194;218;231;238;243;252;258;269;276;279;284;287;288;294;297;298;300;301;303;308;314;315;316;317;317;317;319;323;324;325;325;325
5762;0;0;0;0;0;0;0;0;0;0;0;0;0;2;2;2;7;7;14;20;20;20;22;29;34;48;55;64;66;74;80;85;113;130;151;155;159;159;173;183;193;216;226;227;235;242;244;250;259;260;260;264;268;276;277;278;281;282;285;287;301;303;303;306
5766;3;5;7;7;8;8;9;10;17;25;30;42;46;46;65;65;81;112;124;137;144;156;172;190;204;229;256;286;290;309;320;339;355;386;411;428;449;478;502;517;517;521;521;521;556;569;585;600;612;612;647;667;678;687;694;695;695;708;710;713;718;718;719;719
5770;0;0;0;0;2;2;4;5;5;9;10;15;33;34;53;72;89;108;123;130;138;143;155;166;177;180;191;198;206;212;248;275;285;293;307;308;318;332;342;356;356;370;370;374;376;382;385;387;393;394;394;400;404;408;408;410;411;412;415;422;424;425;425;426
5774;0;0;0;0;0;0;0;0;0;2;5;8;15;15;15;15;24;37;60;64;79;79;87;102;110;123;145;152;152;190;214;250;296;312;314;314;371;404;421;439;439;467;467;480;494;501;518;527;527;527;540;548;553;564;565;566;566;570;571;572;580;580;580;580
5911;0;1;2;2;3;3;3;3;4;6;10;15;20;20;20;24;30;34;52;69;95;113;126;141;154;170;184;184;195;199;210;216;234;249;249;252;261;264;264;267;305;305;308;308;312;342;387;398;403;405;409;411;423;423;423;425;425;427;429;429;432;432;432;432
5913;0;0;0;2;2;2;2;2;2;4;7;16;19;19;19;36;68;80;108;143;160;160;176;195;205;229;236;253;262;285;304;338;369;387;396;415;435;481;495;515;528;539;549;562;571;577;586;591;595;600;614;619;627;630;635;641;662;670;676;685;686;689;690;691
5914;0;0;0;0;0;0;0;0;1;3;3;3;5;5;5;6;11;11;28;31;37;42;49;50;55;55;62;72;80;80;82;93;97;102;115;120;123;125;135;139;144;165;169;172;172;183;189;192;199;199;203;208;227;230;236;242;246;247;249;253;255;261;261;267
5915;0;0;0;0;0;0;0;0;0;0;0;2;4;4;4;8;16;23;47;58;67;86;92;97;112;120;134;148;152;156;170;181;218;229;245;257;265;278;294;297;303;309;313;319;338;346;357;370;383;391;401;406;412;423;426;428;430;436;439;441;447;447;449;450
5916;0;0;0;0;0;0;0;0;0;0;2;4;4;4;4;6;6;10;10;12;16;16;21;22;32;38;44;47;51;54;57;63;65;67;67;67;72;78;82;91;94;94;100;102;104;108;121;126;128;128;131;135;139;144;151;151;152;155;155;166;169;169;169;169
5954;0;0;0;0;0;0;1;1;1;2;4;6;10;11;11;19;24;29;43;58;60;65;81;96;107;124;143;158;181;198;215;222;233;251;255;263;276;285;300;308;316;320;325;327;330;342;344;357;358;363;365;367;368;371;374;375;377;378;380;382;388;391;392;392
5958;0;0;0;0;0;0;0;0;0;1;6;15;19;27;32;38;56;62;94;105;110;125;141;154;175;199;216;232;246;256;290;317;348;367;388;399;405;424;440;476;498;506;515;516;525;529;541;545;552;553;553;556;560;561;564;564;564;565;571;581;584;584;584;585
5962;1;1;3;4;5;5;5;5;5;6;10;12;13;13;13;19;23;31;35;38;38;45;47;51;70;80;88;100;114;125;142;158;167;187;188;204;225;237;240;285;316;342;354;355;358;382;415;431;456;464;466;479;488;494;514;517;529;536;548;554;557;560;561;562
5966;0;0;0;0;0;0;0;0;0;0;1;1;1;1;1;1;1;9;17;17;17;17;19;19;36;66;89;104;124;129;137;152;178;189;207;215;222;239;270;302;328;353;375;390;411;421;450;455;467;483;489;500;507;522;527;538;543;551;553;560;566;574;574;577
5970;0;0;0;0;0;0;0;0;0;1;1;2;14;15;18;23;26;29;31;38;40;47;51;59;72;84;99;101;103;106;113;130;141;161;166;170;176;181;189;201;211;212;214;214;226;231;244;249;253;253;255;261;267;269;274;274;276;276;277;281;288;288;290;290
5974;0;0;0;0;0;0;0;0;0;1;3;3;9;11;11;17;36;36;54;54;89;93;100;114;124;142;158;176;183;188;198;214;219;227;235;242;264;270;289;299;306;311;311;313;318;320;322;329;330;331;331;332;334;334;335;339;339;339;341;342;343;344;351;351
5978;0;0;0;1;1;1;4;4;4;6;10;14;14;15;15;19;32;46;53;55;68;72;78;110;125;139;151;168;168;172;183;208;224;258;290;302;327;344;349;369;383;388;397;416;421;447;476;510;515;532;544;558;567;575;578;588;588;590;598;602;617;620;621;623
6411;0;0;0;0;0;0;0;0;0;0;0;0;2;2;2;8;9;15;17;23;27;27;27;30;38;48;60;61;64;70;72;79;83;87;94;95;96;100;109;114;120;122;123;124;125;129;136;139;143;164;165;170;183;187;189;191;191;195;197;198;201;201;201;203
6412;3;3;4;6;6;6;6;6;7;10;13;15;26;36;36;51;82;96;120;146;157;161;193;215;238;286;320;329;370;393;431;476;516;546;583;609;637;679;737;794;811;844;859;874;926;966;996;1033;1048;1060;1091;1114;1144;1170;1187;1205;1210;1219;1234;1261;1283;1292;1298;1303
6413;0;0;0;0;0;0;0;0;1;1;1;1;1;1;1;3;5;5;6;6;9;10;13;15;17;19;22;24;26;26;29;33;33;34;35;40;43;48;49;52;53;55;55;55;59;60;63;68;70;72;72;72;74;75;77;82;82;86;93;95;100;101;104;107
6414;0;0;0;0;0;0;0;0;1;1;5;6;7;7;7;20;22;35;47;60;60;60;94;101;111;129;147;147;147;173;180;188;193;197;204;208;209;216;227;239;244;247;248;249;253;259;268;275;276;280;281;288;289;291;292;299;300;301;310;312;316;325;325;325
6431;0;3;3;3;3;3;3;3;4;5;6;7;7;7;7;19;25;29;36;40;40;40;69;93;102;113;134;134;154;169;178;189;203;206;220;225;227;236;249;255;259;262;267;268;272;281;284;286;288;288;289;291;295;296;298;298;298;301;304;309;311;311;312;312
6432;0;0;0;0;0;0;0;0;0;0;0;3;4;4;4;8;18;22;39;63;73;75;78;89;111;130;148;157;162;178;196;208;216;224;229;235;242;251;263;279;284;286;291;292;301;309;318;322;329;329;331;336;340;343;344;344;346;356;357;358;362;363;364;364
6433;1;1;1;1;1;1;1;1;1;1;2;3;4;4;4;11;12;22;33;57;72;85;101;119;124;138;151;170;185;191;196;215;225;236;244;244;250;258;268;280;297;298;302;302;302;316;330;348;352;353;357;370;375;386;393;393;397;399;408;417;424;428;430;430
6434;1;1;2;2;2;2;2;2;3;3;3;4;6;9;13;22;26;35;49;59;67;69;73;89;110;115;128;132;136;141;155;162;167;177;182;183;186;193;205;207;211;211;211;212;213;216;218;220;222;222;223;226;229;231;231;231;232;233;233;238;241;242;243;243
6435;0;1;1;1;1;1;1;1;2;3;10;18;29;42;43;46;61;74;78;91;94;96;108;114;128;146;161;179;183;202;219;242;256;277;292;293;306;329;349;363;372;399;403;407;419;444;466;488;511;513;524;551;567;569;579;590;595;598;616;626;635;648;649;651
6436;0;0;0;0;0;0;0;0;0;2;3;4;12;12;12;17;19;28;40;54;55;55;67;83;89;99;112;118;118;133;140;148;154;160;166;166;169;174;180;187;187;193;193;193;197;203;208;209;215;215;216;224;236;243;247;250;250;258;263;264;268;269;278;278
6437;0;0;0;0;0;0;0;0;0;0;0;0;0;2;2;2;8;10;12;17;22;23;24;27;33;46;48;54;58;61;69;93;102;111;131;132;136;146;162;176;181;182;186;191;200;220;231;238;244;252;262;280;303;310;316;320;323;324;344;351;355;359;360;362
6438;0;0;0;0;0;0;1;1;3;4;5;9;20;26;29;33;42;51;66;74;77;85;96;107;122;141;161;168;173;177;193;205;218;233;242;243;256;273;292;307;315;323;345;347;358;368;378;383;395;397;398;402;414;422;427;432;433;439;445;460;467;473;474;480
6439;0;0;0;1;1;1;2;2;5;8;14;14;20;21;21;25;25;32;42;52;59;63;67;71;76;95;100;109;112;114;117;139;141;148;154;155;163;170;176;178;178;179;180;180;180;182;185;190;190;190;190;191;191;191;191;191;191;191;194;198;198;198;199;199
6440;0;0;0;0;0;0;0;0;0;0;1;2;4;10;13;16;26;29;37;42;43;44;51;59;68;76;86;91;92;101;124;131;141;144;151;155;157;167;181;190;197;203;203;203;207;215;224;232;235;245;247;254;259;260;262;262;263;264;265;267;269;270;270;270
6531;2;2;2;3;3;3;5;5;5;7;7;7;10;14;14;18;27;45;54;57;61;62;71;83;95;99;111;120;122;128;134;142;153;163;169;169;171;176;178;180;182;186;186;186;188;189;190;195;198;198;198;207;211;211;212;214;214;214;216;220;221;226;226;226
6532;2;2;2;2;2;2;2;2;4;4;4;5;9;9;16;16;16;23;32;47;65;65;82;96;110;116;129;152;152;153;168;183;194;217;217;239;257;262;266;286;295;295;295;305;308;309;315;318;318;318;320;323;323;325;329;331;331;332;333;334;334;335;335;335
6533;0;0;0;0;0;0;0;0;0;0;0;0;1;3;3;6;14;40;43;49;60;60;93;110;115;134;139;149;149;159;165;177;187;193;195;198;201;201;204;211;215;216;216;220;221;222;225;230;233;235;236;239;240;244;245;254;254;257;260;261;264;264;266;266
6534;0;0;0;0;0;0;0;0;5;6;7;7;8;8;8;27;32;37;38;43;51;59;69;72;83;92;98;103;104;108;116;118;121;130;136;136;137;141;149;154;157;157;158;158;162;165;166;170;170;171;172;174;175;178;178;179;179;179;180;180;180;181;182;183
6535;0;0;0;1;1;1;1;1;1;1;2;2;3;3;3;4;5;12;15;17;22;24;30;31;38;41;45;51;53;53;58;61;69;73;76;78;78;85;91;96;100;100;100;100;100;102;103;106;108;110;110;113;117;118;119;120;120;120;121;121;121;121;121;121
6611;0;0;0;0;0;0;0;0;0;0;3;3;8;9;9;11;19;29;34;39;43;43;44;51;60;65;75;82;83;84;88;92;97;101;103;103;106;116;127;137;144;147;150;153;157;164;180;187;193;194;196;203;207;209;220;226;226;229;247;258;266;272;275;278
6631;0;0;0;0;0;0;0;0;2;2;7;9;11;30;30;39;42;55;69;75;75;75;100;105;114;118;129;142;147;147;164;186;196;209;215;217;217;234;246;256;262;262;264;264;275;281;284;286;288;288;289;292;293;295;296;296;296;298;298;298;299;299;299;299
6632;0;0;0;0;0;0;0;0;0;0;0;6;6;9;12;12;16;18;21;25;25;26;27;31;31;34;37;42;49;49;54;66;85;102;123;123;123;125;147;150;157;165;166;176;176;182;183;191;191;192;192;193;194;194;194;194;194;194;194;194;194;197;197;197
6633;0;0;0;0;1;1;1;1;1;1;3;4;6;12;13;13;17;29;35;38;39;44;45;51;60;73;77;81;81;87;95;99;106;112;114;117;119;139;153;170;186;197;215;219;223;227;235;242;257;260;263;270;284;291;303;309;310;311;317;322;328;332;337;338
6634;0;0;0;0;0;0;0;0;0;0;0;3;6;14;17;17;32;50;55;60;68;72;78;86;95;110;141;151;158;160;165;191;229;247;272;272;284;296;310;323;330;342;350;352;361;387;404;414;422;422;423;427;437;441;445;449;449;452;460;466;469;472;475;475
6635;0;0;0;1;1;1;1;1;1;3;3;4;5;6;6;6;19;22;27;28;32;32;34;38;42;46;56;56;57;64;68;80;82;87;92;93;96;102;103;109;112;112;112;113;114;122;129;133;133;133;136;137;138;142;142;142;142;143;143;143;143;146;146;146
6636;0;0;0;0;0;0;0;0;0;0;0;0;0;0;0;1;1;1;2;3;4;5;5;9;12;13;13;13;20;20;21;22;25;26;27;29;30;33;34;55;55;77;80;92;99;106;113;118;121;122;122;124;129;150;157;159;159;160;161;165;172;173;174;175
7111;0;0;1;2;2;2;2;5;5;7;8;11;11;12;20;31;39;43;50;59;67;75;84;106;111;117;128;133;135;140;147;151;155;163;164;171;183;196;198;205;210;212;213;215;219;224;224;226;231;233;234;238;239;240;243;246;250;250;250;254;254;254;255;255
7131;0;0;0;0;0;0;0;0;0;0;0;6;9;10;10;14;20;28;35;41;44;45;49;51;56;58;62;65;67;70;75;78;83;86;91;94;101;102;105;106;111;112;112;112;113;113;113;114;114;114;114;115;115;117;117;117;117;117;120;123;125;127;136;136
7132;0;0;0;0;0;0;0;0;0;0;0;6;7;7;7;14;16;17;19;20;23;23;27;31;34;37;44;49;51;54;56;61;63;65;66;68;76;78;89;93;98;104;106;106;112;114;124;125;132;132;132;133;141;142;142;143;145;147;147;150;152;152;153;153
7133;0;0;0;0;0;0;0;0;0;1;8;13;14;14;14;21;21;25;33;44;44;44;51;60;64;73;78;78;78;96;105;116;124;131;131;131;136;141;145;145;145;145;145;145;153;159;161;166;166;166;173;177;182;184;186;186;186;186;186;186;187;187;187;187
7134;0;0;0;0;0;0;0;0;0;0;0;0;0;0;0;1;2;4;5;8;8;10;16;17;19;24;30;32;33;34;34;42;43;48;51;51;52;56;56;63;67;67;69;69;71;71;73;74;75;77;78;78;79;81;81;81;81;82;83;83;83;83;84;84
7135;0;0;0;0;0;0;0;0;0;0;0;2;6;6;23;25;32;34;38;42;45;45;45;53;67;71;88;97;99;100;108;112;113;116;116;116;118;121;121;122;122;122;122;122;122;123;123;125;125;125;125;126;126;126;126;126;126;126;126;127;127;127;127;127
7137;0;0;0;0;0;0;0;0;1;2;2;5;10;11;36;53;74;95;107;110;123;134;148;161;167;176;190;197;203;214;225;234;241;252;257;263;272;285;289;296;308;315;316;316;317;320;325;329;331;332;333;335;335;337;338;339;341;341;341;346;347;347;347;347
7138;0;0;0;0;0;0;0;0;2;3;3;5;11;11;20;26;36;38;49;59;59;72;80;88;106;111;121;121;121;134;138;144;152;153;153;153;171;177;182;188;188;188;188;188;199;199;203;204;204;205;205;205;205;206;208;208;208;209;209;209;209;209;209;209
7140;0;0;0;0;0;0;0;0;0;2;3;6;7;15;22;25;32;36;38;47;49;50;56;65;72;79;89;100;102;105;107;112;116;120;125;125;126;130;132;135;137;138;139;140;144;150;151;154;154;156;157;157;160;161;162;162;162;162;162;163;163;163;163;163
7141;0;0;0;0;0;0;0;0;0;0;4;5;6;6;6;10;16;26;32;32;34;37;47;50;59;66;72;77;78;84;87;94;105;105;110;113;116;119;125;128;129;131;133;133;135;136;139;147;149;149;149;149;149;149;150;150;151;151;151;151;152;152;152;152
7143;0;0;0;0;0;0;0;0;0;3;4;9;13;17;22;25;35;46;51;63;63;77;96;100;105;113;130;136;140;147;160;175;182;188;196;202;210;239;257;262;269;270;274;286;288;292;296;310;315;315;316;318;318;321;324;325;326;326;326;327;330;332;332;332
7211;0;0;0;0;0;0;0;0;0;0;0;3;3;3;6;7;10;11;12;12;16;20;21;24;24;29;37;43;56;59;60;65;69;71;71;72;75;81;82;83;83;83;88;90;90;90;92;94;94;94;94;94;94;94;96;96;96;96;96;97;99;99;99;99
7231;0;0;0;0;0;0;0;0;0;1;4;5;5;5;5;6;7;9;15;18;21;23;24;30;33;39;47;50;57;63;68;68;75;79;81;86;88;95;99;108;111;112;112;115;116;117;119;122;122;122;123;123;124;127;127;128;128;128;128;130;131;131;133;133
7232;0;0;0;0;0;0;1;1;1;1;1;4;6;12;15;20;22;29;31;38;43;45;47;56;58;75;79;91;92;97;97;113;115;118;119;122;127;129;130;133;133;136;137;140;144;146;149;151;154;157;158;160;161;162;165;166;168;168;169;170;172;174;174;174
7233;0;0;0;0;0;0;0;0;0;4;4;4;4;4;5;14;16;20;25;31;31;32;32;34;35;35;39;45;48;51;52;59;64;65;82;82;86;86;89;90;94;95;95;100;100;101;101;102;102;102;106;108;108;109;109;109;109;109;109;110;111;115;115;115
7235;0;0;0;0;0;0;0;0;0;0;0;0;0;1;8;9;13;17;21;24;30;33;36;41;44;47;50;55;75;79;83;91;97;104;106;109;117;124;128;132;134;135;139;146;151;155;161;164;164;166;166;167;171;173;174;174;174;175;176;183;186;188;188;188
7311;0;0;0;0;0;0;0;0;0;1;1;1;1;1;1;1;3;8;9;11;11;11;12;12;12;13;16;16;19;19;22;24;25;26;27;27;27;27;27;31;31;31;31;31;32;32;33;33;36;36;37;37;38;38;38;39;39;41;41;41;41;41;41;41
7312;2;3;3;3;4;4;4;4;4;4;5;5;6;6;8;11;11;13;13;14;20;27;31;38;46;50;53;54;55;55;60;63;67;71;74;74;75;76;84;86;87;89;89;89;91;96;97;102;105;106;107;110;110;111;111;111;111;116;117;117;123;130;130;130
7313;0;0;0;0;0;0;0;0;0;0;0;0;0;1;1;1;1;2;4;5;5;5;8;14;14;21;27;30;32;33;35;41;43;44;44;46;46;46;50;50;50;50;50;51;51;51;51;52;53;53;53;53;55;55;55;55;55;56;56;56;56;56;56;56
7314;0;0;0;0;0;0;0;0;0;0;1;1;1;1;1;6;10;12;13;18;18;18;23;28;35;43;52;52;63;67;81;90;104;118;121;138;144;150;155;158;161;167;195;213;221;228;232;241;248;249;250;252;258;261;263;264;265;267;267;270;272;274;278;278
7315;0;0;1;1;2;2;2;2;2;3;4;12;13;17;18;25;30;45;51;61;68;84;91;100;110;125;146;161;182;187;195;211;223;246;249;266;279;300;318;340;349;357;357;358;361;377;390;407;430;432;435;443;461;470;488;491;493;494;501;508;512;519;519;519
7316;0;0;0;0;0;0;0;0;0;0;1;1;3;3;3;3;6;10;12;18;24;24;35;39;42;46;52;55;55;60;62;67;70;75;79;81;84;86;90;90;95;95;95;95;96;98;98;99;99;99;99;99;101;101;101;101;101;101;101;101;102;102;102;102
7317;0;0;0;0;0;0;0;0;0;0;0;0;0;0;0;0;0;0;1;1;3;5;7;7;11;12;12;12;15;15;15;19;20;20;24;24;24;24;24;26;26;26;26;27;27;30;30;30;30;30;30;30;30;30;30;30;30;30;30;30;30;30;30;30
7318;0;0;0;0;0;0;0;0;0;0;0;0;2;2;2;3;4;7;7;7;7;7;12;12;14;14;22;22;23;24;29;31;34;35;35;37;37;39;41;47;47;48;48;50;52;53;53;54;56;56;58;59;60;62;66;66;68;73;74;81;81;81;81;81
7319;0;0;0;0;0;0;0;0;0;0;0;0;0;1;1;1;12;16;23;30;34;40;46;50;53;57;61;68;68;73;79;83;86;102;112;114;114;121;127;127;134;137;140;141;143;145;147;155;158;159;159;163;167;168;173;173;178;179;180;183;185;190;190;190
7320;0;0;0;0;0;0;0;0;0;0;0;0;0;0;0;0;0;0;0;2;3;3;3;4;4;5;9;9;9;11;12;17;19;21;25;25;25;26;26;26;26;30;30;31;32;32;34;35;35;35;35;35;35;35;35;35;35;35;35;35;35;35;35;35
7331;0;0;0;0;0;0;0;0;0;0;0;2;2;7;7;11;24;25;34;43;44;51;57;59;62;69;74;79;82;83;87;91;94;99;104;104;104;108;117;121;130;133;133;136;145;148;153;160;163;164;166;171;173;177;184;192;196;208;216;222;227;227;227;227
7332;0;0;1;1;1;1;2;2;5;5;7;8;12;14;15;21;39;48;55;68;80;86;97;109;116;131;138;156;157;164;173;183;192;200;211;213;221;225;235;245;254;259;262;264;266;270;279;290;292;295;296;298;300;300;303;307;308;309;311;312;314;315;315;315
7333;0;0;0;0;0;0;0;0;0;0;0;1;2;2;2;2;8;12;12;17;17;29;29;32;35;47;52;52;56;58;60;63;63;70;70;70;71;75;77;81;87;87;87;87;96;99;101;105;105;105;109;111;112;113;114;114;114;115;117;117;118;118;118;118
7334;0;0;1;1;1;1;1;1;1;1;2;2;4;9;9;10;12;18;22;26;28;30;30;36;45;52;56;59;62;64;68;73;73;89;96;97;97;100;106;109;116;117;117;117;119;120;123;123;128;130;131;133;136;137;137;137;137;138;139;139;139;139;139;139
7335;0;0;0;0;0;0;0;0;0;0;3;5;6;6;8;11;11;12;12;14;22;31;31;39;43;47;50;54;54;54;60;63;64;65;67;70;71;74;80;83;86;87;87;89;90;92;94;95;95;95;95;95;96;96;97;97;97;97;97;97;97;97;97;97
7336;0;0;0;0;0;0;0;0;0;0;0;1;13;13;14;14;15;18;18;19;21;24;26;31;32;33;36;44;45;46;49;53;57;60;64;64;64;67;69;72;76;77;80;81;81;82;84;84;84;84;85;85;86;87;87;87;87;87;87;87;87;87;87;87
7337;0;0;0;0;0;0;0;0;0;0;0;1;1;9;9;19;21;23;27;32;34;34;36;42;47;57;63;67;73;79;86;98;109;114;117;120;122;122;123;129;133;133;133;133;134;137;140;141;141;141;141;141;143;144;144;144;144;145;145;146;148;148;148;148
7338;0;0;0;0;0;0;0;0;0;0;0;1;1;1;1;2;5;7;8;9;9;9;36;41;44;46;62;62;67;68;97;109;120;132;141;145;147;150;156;164;164;164;168;169;170;180;185;188;193;193;193;194;199;201;201;202;203;204;206;206;208;209;209;209
7339;0;0;0;0;0;0;0;0;0;0;2;6;10;13;16;17;22;28;34;45;54;57;66;79;88;98;120;123;132;135;148;173;190;206;211;223;228;237;253;267;282;287;288;291;294;313;327;333;338;340;340;351;363;370;373;376;379;382;382;385;386;388;389;389
7340;0;0;0;0;0;0;0;0;0;0;0;0;0;0;0;1;3;3;3;11;12;16;18;20;24;31;33;38;41;46;49;56;63;71;78;78;79;81;82;84;84;95;95;97;98;99;102;103;103;103;103;103;104;104;104;105;105;105;105;106;106;106;106;106
8111;0;0;1;3;5;5;10;10;18;31;37;48;86;118;139;209;236;303;337;399;444;460;485;520;556;620;677;714;758;782;826;864;890;916;942;954;978;1013;1036;1063;1069;1087;1132;1138;1158;1182;1198;1210;1224;1236;1247;1256;1264;1287;1294;1305;1308;1312;1315;1324;1333;1333;1339;1339
8115;1;1;1;3;3;3;3;3;4;4;6;9;21;27;40;49;72;114;148;204;241;267;320;368;402;458;513;559;602;633;684;759;810;854;894;954;983;1022;1044;1104;1126;1159;1161;1178;1185;1201;1228;1234;1245;1255;1257;1273;1279;1284;1289;1292;1294;1295;1296;1299;1305;1305;1305;1305
8116;0;4;10;15;18;18;21;22;22;38;51;68;83;122;128;207;258;306;344;421;434;482;497;561;601;655;727;783;802;844;918;979;1038;1099;1125;1137;1164;1221;1257;1312;1359;1401;1420;1433;1441;1471;1494;1516;1536;1538;1545;1590;1606;1625;1635;1646;1646;1650;1664;1674;1692;1694;1699;1699
8117;2;2;3;3;3;3;3;3;3;8;15;32;36;44;54;57;74;99;137;171;190;195;206;234;266;295;337;366;385;396;448;477;501;524;550;553;562;591;612;641;647;647;667;674;679;703;707;713;717;722;722;724;733;737;739;743;744;746;750;752;760;764;766;767
8118;3;3;5;7;7;7;10;10;13;15;23;37;57;91;93;109;140;182;213;257;283;293;354;400;465;548;632;685;703;749;813;871;953;1038;1076;1087;1110;1171;1223;1273;1295;1328;1337;1344;1358;1376;1414;1426;1459;1468;1476;1486;1525;1567;1587;1597;1599;1607;1616;1628;1638;1641;1646;1646
8119;0;5;5;6;7;7;8;8;8;15;25;27;39;47;51;53;70;93;116;147;190;201;230;263;301;369;430;465;503;517;570;627;677;782;816;825;845;885;933;960;984;1005;1015;1016;1023;1053;1085;1104;1127;1131;1144;1164;1192;1205;1230;1268;1280;1287;1302;1313;1331;1332;1337;1337
8121;1;2;2;3;3;3;3;3;3;3;3;4;4;7;9;10;14;22;24;35;43;59;64;77;90;110;125;144;155;168;177;199;235;250;270;279;282;286;305;318;332;341;342;348;354;355;362;364;382;385;386;386;389;398;402;403;403;407;410;412;414;415;415;415
8125;6;6;10;15;20;20;20;26;27;30;35;35;37;47;50;58;72;111;118;141;166;197;212;236;269;315;341;364;389;412;433;451;481;503;517;537;551;576;603;638;652;656;663;665;682;690;714;737;768;784;788;802;829;836;849;853;855;865;867;878;883;885;886;887
8126;0;0;0;1;1;1;2;3;3;7;10;22;25;51;51;61;128;173;185;220;234;259;262;279;301;331;372;402;442;451;471;505;515;530;544;551;583;593;603;632;650;657;667;672;676;682;689;698;704;705;706;710;718;726;732;739;739;742;742;744;744;744;744;744
8127;0;0;0;0;0;0;0;0;1;8;13;17;22;31;33;34;60;72;86;105;126;143;153;169;197;251;275;296;315;345;361;402;439;479;514;528;550;561;594;611;618;630;634;635;644;658;679;696;705;710;722;733;740;747;761;767;788;795;799;803;807;808;809;809
8128;0;0;1;6;22;22;22;22;23;24;28;31;32;33;33;34;36;37;39;43;55;56;58;61;68;75;96;116;117;130;151;172;179;195;234;244;248;256;259;262;279;292;292;292;301;302;313;316;319;320;322;337;339;339;346;349;349;349;352;353;354;364;368;370
8135;0;0;0;0;0;0;0;0;0;0;0;4;4;16;16;16;16;31;36;47;47;58;61;68;97;115;122;122;122;157;193;205;222;225;231;231;235;264;275;277;277;311;313;313;325;349;371;391;391;398;403;408;409;414;415;419;419;420;421;459;465;481;482;485
8136;1;2;4;4;4;4;4;4;5;6;10;17;27;33;41;46;91;114;132;158;173;188;202;236;266;296;314;342;348;371;404;442;457;477;488;498;506;532;553;631;688;846;863;868;886;897;939;1034;1049;1055;1075;1090;1109;1122;1128;1145;1147;1169;1184;1186;1191;1195;1199;1199
8211;0;0;0;0;0;0;1;1;1;2;3;3;4;4;5;12;13;16;19;22;25;33;33;37;39;43;54;68;72;80;89;91;100;108;109;112;112;123;129;135;139;140;145;146;146;154;163;164;165;166;167;168;173;175;175;176;177;177;177;178;180;182;182;182
8212;0;0;0;0;2;2;2;2;2;4;5;9;15;19;20;27;29;40;55;61;65;77;87;98;110;133;137;152;160;168;175;189;201;214;229;236;244;257;269;278;290;295;297;302;304;306;307;311;315;316;322;330;336;337;347;348;349;350;355;361;362;365;366;366
8215;0;1;1;1;3;3;7;7;8;14;17;19;29;38;38;55;67;94;124;151;161;180;191;205;226;254;270;307;331;345;369;400;509;569;583;589;610;626;648;705;751;755;756;759;762;780;800;818;829;830;836;848;859;879;884;888;888;890;894;900;907;911;911;911
8216;0;0;0;0;0;0;2;2;5;8;12;12;18;23;26;37;51;63;74;93;100;146;146;175;188;221;239;266;276;281;300;314;337;351;363;371;372;391;402;409;416;419;425;428;431;442;457;461;468;470;470;472;475;476;479;484;484;486;487;493;497;499;499;499
8221;0;0;2;2;4;4;4;4;5;5;6;7;11;12;16;19;23;42;53;61;80;95;98;101;109;117;135;143;158;172;184;195;212;219;223;231;234;242;246;250;253;255;258;260;260;261;263;264;265;266;266;266;269;269;273;274;274;278;280;281;282;282;282;282
8222;2;2;4;5;6;6;6;6;10;11;14;22;26;26;26;58;66;77;83;101;101;103;141;157;163;173;188;204;211;218;228;243;260;280;290;311;321;335;342;356;372;375;380;380;390;400;407;415;417;418;421;422;425;429;434;436;436;438;442;443;446;452;461;463
8225;0;0;0;0;0;0;1;1;2;4;6;8;9;10;12;15;19;26;27;33;39;43;45;52;60;69;81;90;93;101;109;123;135;145;149;150;152;156;168;179;186;192;198;202;204;255;262;274;282;290;292;304;314;328;341;342;343;349;354;359;366;373;373;379
8226;1;1;1;3;4;4;4;5;8;12;23;25;35;47;61;79;86;132;158;201;233;262;295;326;376;410;448;483;524;565;601;623;661;684;697;709;724;733;741;755;764;772;791;799;807;824;827;834;840;844;844;847;852;852;859;862;864;865;866;870;873;880;888;889
8231;0;0;0;0;0;0;0;0;0;3;3;4;4;4;4;6;6;7;12;13;17;17;20;20;21;21;24;29;34;42;47;52;58;62;71;73;77;79;85;89;93;95;105;108;108;112;148;165;171;178;188;191;213;230;241;246;251;258;260;267;270;275;278;279
8235;0;0;0;1;1;1;1;1;2;7;11;14;26;34;43;48;61;77;92;113;132;150;159;183;210;230;261;280;297;310;336;346;373;405;415;425;431;443;457;477;477;517;517;526;530;543;547;559;565;589;602;612;623;639;652;655;656;664;668;672;676;679;683;683
8236;0;0;0;0;0;0;1;1;1;2;2;4;4;4;4;10;11;16;22;25;31;31;38;46;59;64;84;90;111;118;130;144;163;175;198;205;210;227;245;259;277;314;318;330;331;342;369;386;395;412;438;442;483;495;512;528;533;540;543;546;553;555;561;562
8237;0;0;0;0;0;0;1;1;1;1;1;2;3;7;8;10;13;13;15;30;33;61;66;76;101;126;149;162;179;182;194;211;221;258;270;278;285;336;346;394;404;433;435;436;440;449;470;477;483;514;514;516;527;533;535;536;540;540;541;541;547;554;557;557
8311;3;3;3;3;5;5;7;8;12;14;20;35;44;48;57;72;99;137;164;207;217;229;241;284;299;341;378;412;431;464;509;562;604;656;672;680;709;735;778;822;843;846;859;860;867;876;889;904;911;915;921;927;929;930;937;938;938;940;942;943;943;943;943;944
8315;3;6;7;8;9;9;10;10;13;14;19;26;31;46;48;63;90;122;145;173;188;198;207;257;265;289;334;390;415;456;504;565;615;665;695;699;713;759;812;831;856;868;874;882;912;930;960;976;990;993;1010;1028;1040;1046;1057;1060;1061;1062;1070;1078;1091;1093;1094;1094
8316;0;0;1;1;2;2;4;7;13;15;16;17;21;30;35;43;60;68;101;112;123;124;141;154;171;179;202;237;247;267;295;330;353;376;397;398;404;422;439;452;465;474;478;478;482;484;496;503;507;508;509;509;509;510;510;513;513;513;513;514;514;515;515;515
8317;0;0;0;3;9;9;9;10;12;15;15;19;28;33;40;44;48;62;75;82;90;117;125;148;177;201;235;284;308;345;384;456;538;586;617;626;640;668;722;753;798;812;815;821;833;851;870;892;898;915;925;941;962;978;997;1001;1006;1014;1028;1044;1054;1066;1068;1072
8325;1;1;1;1;1;1;1;1;1;1;1;2;3;3;3;3;5;7;7;10;10;10;11;29;61;85;96;106;107;138;158;181;220;254;273;297;311;320;336;377;410;429;429;461;468;492;509;522;533;534;540;544;546;564;572;576;591;597;605;614;623;623;625;638
8326;0;0;0;0;0;0;1;1;1;1;2;3;9;11;17;20;31;35;43;58;77;80;92;114;140;156;170;177;181;202;209;239;260;288;303;312;322;334;350;367;373;375;381;385;401;409;416;418;428;431;437;448;462;470;476;478;480;483;492;494;500;506;513;515
8327;0;0;0;0;0;0;0;1;2;2;3;4;8;11;11;11;14;16;19;20;22;25;37;43;78;99;132;139;143;168;185;200;241;241;275;288;308;320;333;341;356;358;362;362;370;389;392;396;401;406;406;408;418;419;424;466;466;467;469;471;478;480;483;483
8335;0;0;0;0;1;1;1;1;1;2;7;9;27;31;31;41;44;57;65;72;79;80;87;97;117;121;134;137;139;170;182;216;242;262;282;283;293;301;322;333;347;352;352;359;362;372;379;383;394;394;396;406;412;414;417;422;422;427;431;435;441;442;442;442
8336;0;1;1;1;1;1;1;1;1;2;3;9;14;18;19;23;34;50;63;89;98;110;127;145;160;175;181;215;223;250;294;315;348;383;388;396;406;414;430;459;461;477;481;484;489;493;506;522;529;541;545;557;575;584;595;610;621;623;628;636;641;643;644;644
8337;0;0;0;0;0;0;0;0;0;1;3;4;4;8;9;10;14;18;24;33;39;41;55;61;65;72;84;94;102;106;115;125;145;170;185;187;198;206;224;230;236;245;249;249;250;253;266;273;277;279;279;282;285;291;294;299;300;302;302;303;305;305;305;305
8415;0;0;0;0;0;0;0;1;1;2;6;9;20;30;32;33;35;46;76;102;108;118;124;180;216;250;291;307;340;396;453;503;599;661;681;711;731;778;825;855;863;939;1053;1112;1150;1188;1205;1229;1246;1255;1270;1310;1335;1370;1388;1420;1425;1439;1448;1456;1459;1462;1463;1465
8416;2;2;2;2;2;2;3;3;4;9;17;22;42;50;69;88;105;116;135;142;159;165;203;387;503;550;624;654;675;694;755;779;828;887;917;951;967;993;1025;1061;1071;1078;1085;1095;1101;1132;1140;1150;1158;1166;1170;1182;1187;1198;1203;1207;1208;1212;1215;1218;1222;1226;1228;1228
8417;3;5;14;16;16;16;16;16;18;24;25;25;33;36;37;43;59;65;77;82;97;114;155;164;221;258;278;339;348;388;436;454;482;503;551;568;590;618;639;664;687;725;740;757;773;789;812;833;846;878;890;895;932;963;982;999;1020;1025;1026;1047;1067;1084;1106;1111
8421;0;2;3;3;3;3;3;4;4;5;6;7;10;13;13;13;20;27;37;45;55;59;68;80;93;102;107;117;120;128;144;158;167;175;183;193;195;199;207;210;220;220;223;225;225;229;229;229;230;230;230;230;234;237;247;252;252;254;254;257;260;260;260;260
8425;1;1;4;4;4;4;5;5;5;6;8;8;11;15;17;18;27;30;39;53;62;64;73;97;123;165;189;209;224;241;257;283;299;336;344;362;367;375;401;413;425;426;428;435;438;447;453;464;469;479;480;491;509;517;522;524;524;530;531;538;540;541;542;543
8426;0;0;0;0;2;2;3;3;3;3;4;5;5;5;5;11;18;41;50;51;51;70;70;102;139;160;186;186;202;206;221;237;258;294;313;325;334;360;396;412;420;420;423;433;434;446;463;468;475;478;482;493;501;506;508;511;512;512;524;530;548;553;553;556
8435;0;0;1;3;4;4;4;4;4;5;8;12;17;26;33;36;46;69;76;78;89;89;96;127;159;167;184;190;191;192;196;209;220;225;230;233;236;245;253;259;262;266;266;266;266;269;272;276;277;277;277;277;277;279;279;280;280;281;282;283;283;283;283;283
8436;2;3;3;4;5;5;5;5;7;11;19;26;44;50;52;68;91;107;126;134;141;141;177;249;281;303;328;335;335;359;376;388;400;406;420;421;434;451;457;467;469;474;475;475;475;489;496;500;503;505;506;511;513;518;521;523;523;523;525;526;527;527;527;527
8437;0;0;1;1;1;1;1;1;1;3;4;6;12;12;25;27;33;45;64;83;89;92;114;145;181;225;281;307;315;329;378;422;468;481;499;518;547;561;583;593;606;623;627;628;666;681;692;700;703;708;715;720;736;742;758;764;764;765;767;773;773;773;773;773
9161;0;0;0;0;1;1;1;1;1;1;1;1;1;1;1;1;2;6;7;8;8;8;15;17;30;34;58;75;76;77;91;108;135;166;181;188;208;248;264;268;268;295;295;316;322;324;340;349;350;350;361;365;367;381;384;386;386;388;391;392;393;393;394;394
9162;9;10;13;18;31;31;31;32;54;79;100;119;167;232;250;315;458;668;841;1039;1218;1305;1396;1564;1804;2061;2321;2457;2633;2745;3054;3288;3431;3608;3743;3823;3939;4080;4235;4345;4444;4547;4620;4680;4767;4876;4969;5063;5108;5159;5191;5248;5302;5378;5436;5483;5517;5598;5645;5685;5730;5780;5809;5830
9163;0;0;0;0;0;0;0;0;0;0;1;1;1;1;3;3;3;7;7;24;31;50;51;57;75;91;117;129;131;134;135;146;168;200;200;201;210;222;242;253;267;285;286;286;301;303;325;341;341;350;359;365;386;417;422;423;423;428;429;439;448;448;456;456
9171;0;0;0;0;0;0;0;0;0;0;0;0;0;0;0;0;1;7;13;17;27;35;37;47;72;79;95;103;122;137;156;197;214;241;259;283;314;330;374;390;419;427;427;427;444;472;505;518;524;535;541;550;554;559;564;569;573;576;582;583;585;585;585;585
9172;0;0;0;0;0;0;0;0;0;0;0;1;1;1;1;6;7;7;8;8;8;8;19;38;46;59;64;66;78;84;97;109;128;138;150;151;153;172;187;194;199;203;208;208;215;222;238;241;245;248;252;256;257;260;265;265;265;265;266;266;266;266;266;266
9173;0;0;0;0;0;0;0;0;0;0;2;4;6;10;10;11;11;22;28;49;53;54;60;80;104;118;139;146;151;167;183;209;229;239;261;268;281;300;310;323;337;340;344;345;345;362;367;373;382;382;382;384;394;395;400;401;401;403;405;406;406;406;407;407
9174;0;0;0;0;0;0;0;0;2;2;5;6;11;12;13;14;14;38;46;66;69;72;86;101;152;211;231;255;265;272;315;351;406;455;463;476;492;527;560;594;621;634;635;642;661;681;708;729;746;760;765;774;794;800;817;830;834;835;841;847;854;865;865;865
9175;1;2;2;2;5;5;6;9;11;16;16;20;24;24;27;31;34;42;44;52;52;60;72;89;116;134;150;171;176;192;211;226;246;268;282;284;292;298;323;340;347;349;354;358;360;379;384;390;392;393;399;400;410;420;432;435;435;441;443;458;459;462;462;462
9176;0;0;0;0;0;0;0;0;0;0;0;1;2;2;2;2;3;6;13;15;25;27;30;35;42;48;53;72;72;81;98;107;111;123;129;131;146;155;164;172;185;189;191;195;197;206;211;222;232;232;239;243;249;253;256;258;258;262;263;267;269;271;271;271
9177;0;0;0;0;0;0;0;0;3;3;7;7;9;9;10;11;16;27;45;58;75;100;113;129;172;206;242;252;281;298;308;334;365;385;398;403;410;436;449;460;477;482;487;487;494;504;510;520;520;526;529;536;539;544;546;546;550;557;561;564;564;564;564;570
9178;2;2;3;4;23;23;26;36;38;51;51;51;52;74;74;93;110;130;159;174;217;233;249;288;317;346;398;434;445;475;511;577;612;645;680;687;707;740;758;801;823;837;837;847;861;864;877;886;890;895;903;905;912;916;922;922;922;933;935;937;940;942;942;942
9179;3;3;3;3;3;3;3;3;4;5;6;6;14;17;20;20;21;22;38;76;92;103;126;150;193;246;273;327;330;345;381;405;467;495;543;547;564;583;597;619;635;646;650;653;668;676;689;708;712;714;723;732;744;752;760;774;774;777;784;787;791;793;797;797
9180;0;0;0;0;0;0;0;0;1;2;2;2;3;5;5;6;7;18;25;29;36;43;46;52;64;72;87;94;106;113;123;128;138;177;182;183;185;193;200;202;207;208;208;208;217;220;228;231;236;239;241;242;247;254;255;257;258;258;259;263;263;263;263;264
9181;1;1;1;1;1;1;1;1;1;1;2;2;2;3;4;6;10;14;17;23;43;47;49;54;69;108;109;123;134;138;155;162;178;205;216;222;237;255;269;279;279;285;285;289;289;298;299;300;302;302;305;306;322;322;322;323;323;323;329;329;330;330;330;330
9182;0;0;0;1;1;1;1;1;1;1;1;1;17;33;33;33;33;47;58;61;108;136;158;171;189;212;238;270;280;295;312;328;356;377;403;407;419;428;436;453;455;457;463;465;467;471;476;480;481;483;483;485;485;485;488;490;490;501;505;508;512;512;513;514
9183;0;0;0;0;0;0;0;0;0;0;0;0;0;0;0;0;5;10;16;16;32;37;40;56;70;77;105;124;146;157;163;191;224;254;273;283;294;313;341;348;353;364;383;389;395;418;425;428;438;439;442;449;451;458;462;464;465;468;477;479;483;483;483;484
9184;1;3;3;5;5;5;5;5;8;14;17;26;41;42;67;69;95;118;150;202;240;258;291;320;380;424;510;533;554;580;640;703;747;807;864;874;895;927;961;988;1022;1036;1044;1049;1066;1090;1105;1123;1134;1138;1156;1169;1182;1188;1193;1201;1206;1222;1234;1248;1257;1262;1276;1280
9185;0;0;0;0;0;0;0;0;0;0;0;0;0;1;1;2;2;2;8;22;27;27;32;40;51;60;61;68;77;82;94;101;108;116;116;116;129;139;158;163;188;190;193;195;198;199;213;214;218;221;223;239;243;244;248;252;260;261;262;264;266;269;283;283
9186;0;0;0;0;0;0;0;1;2;3;6;6;7;8;9;11;16;19;22;26;29;32;34;48;53;61;77;100;106;119;137;160;175;189;207;214;223;240;246;257;277;282;284;285;287;290;294;298;303;304;309;312;314;314;321;321;322;325;330;331;333;334;334;335
9187;0;1;1;1;1;1;1;1;1;1;3;6;17;17;24;33;38;52;60;156;172;216;226;267;353;408;619;706;731;741;784;873;991;1166;1171;1179;1248;1309;1371;1460;1500;1549;1554;1554;1610;1646;1701;1749;1749;1797;1842;1861;1886;1915;1933;1974;1974;1995;2003;2018;2051;2051;2078;2078
9188;3;3;3;4;6;6;10;10;10;16;20;31;36;44;45;49;57;68;84;100;113;126;138;171;210;233;243;263;272;294;324;342;365;382;391;392;403;412;418;441;446;452;454;454;463;471;474;481;484;485;486;489;491;491;497;500;500;500;500;502;503;503;504;504
9189;4;4;4;4;4;4;4;4;4;4;7;7;8;10;12;18;19;28;39;44;56;65;81;89;132;147;166;202;229;261;294;322;348;388;456;467;501;568;602;686;720;737;753;757;784;815;844;887;891;904;931;952;990;1030;1065;1082;1104;1149;1162;1176;1189;1198;1198;1201
9190;0;0;0;1;2;2;3;3;3;3;8;8;8;13;17;17;30;40;48;61;83;91;96;112;132;144;162;178;182;192;202;232;253;269;276;279;284;291;295;295;295;309;309;310;313;314;316;323;324;324;324;327;327;328;329;329;329;331;332;332;333;333;334;334
9261;0;0;0;0;0;0;0;0;0;0;0;1;3;3;4;4;7;12;25;29;33;39;39;43;48;74;75;78;94;99;121;136;145;152;153;161;163;187;205;216;216;228;228;230;233;245;247;251;251;256;256;258;260;260;262;263;263;263;266;267;267;270;271;271
9262;0;0;0;0;0;0;0;0;0;0;0;1;2;3;3;3;4;6;7;8;16;16;17;19;21;28;30;41;45;47;52;55;64;84;87;88;88;92;97;99;105;105;111;111;114;117;117;118;118;118;118;119;121;122;124;124;124;124;124;124;125;126;126;126
9263;0;0;0;0;0;0;0;0;0;0;1;2;3;4;6;6;8;13;20;27;38;41;41;43;49;58;68;69;78;85;101;119;133;152;167;167;168;187;201;215;223;229;229;235;236;271;281;288;293;299;303;307;337;355;355;356;358;361;364;368;370;375;376;376
9271;0;0;0;0;0;0;0;0;0;0;1;3;3;7;7;9;20;26;32;47;53;60;61;67;85;97;112;113;118;121;127;137;142;149;152;155;157;166;173;181;189;189;194;196;199;210;212;222;228;228;229;238;242;247;251;253;255;257;261;264;267;268;268;270
9272;0;0;0;0;0;0;0;0;0;0;0;1;2;4;5;5;6;8;12;14;14;20;22;33;38;42;66;83;84;93;94;97;100;103;109;113;120;120;122;129;129;131;138;141;145;147;153;157;157;157;159;162;162;162;167;172;172;176;176;181;182;182;182;182
9273;0;0;0;0;0;0;0;0;2;2;2;2;3;5;6;8;8;12;18;28;42;50;56;62;76;89;105;126;127;136;154;193;218;238;258;266;279;284;318;331;340;351;355;359;364;372;382;387;391;399;399;403;411;419;422;423;424;425;426;430;432;433;434;434
9274;0;0;0;0;0;0;0;0;1;1;1;2;2;4;8;8;20;36;57;68;91;107;112;133;150;197;203;221;245;251;279;316;348;366;378;409;414;453;473;499;499;523;523;527;537;554;564;581;586;594;600;607;612;618;618;620;623;630;637;639;640;646;647;647
9275;0;1;2;2;3;3;3;3;3;4;5;5;8;15;15;16;19;22;25;28;38;38;45;52;67;82;98;119;122;139;175;202;227;250;266;270;274;286;311;324;339;340;344;345;360;375;382;393;401;403;407;416;422;432;484;489;489;496;504;514;516;520;520;521
9276;0;0;0;0;0;0;0;0;0;0;0;3;5;6;15;18;18;20;23;24;25;25;25;34;39;40;40;42;42;43;47;60;70;79;91;94;95;104;108;119;122;123;123;124;125;130;133;133;138;143;144;146;147;148;148;149;149;150;161;161;162;163;163;164
9277;0;0;0;0;0;0;0;0;1;1;2;6;10;14;14;14;29;38;51;56;67;79;80;93;125;169;192;207;224;248;302;332;369;394;422;461;512;536;562;583;597;615;622;630;647;650;651;662;669;672;675;681;682;683;686;689;689;692;693;693;698;698;700;701
9278;0;0;0;0;0;0;0;0;1;1;1;1;2;2;3;4;9;13;19;28;36;43;44;46;56;58;70;75;83;94;127;148;167;194;215;219;221;250;266;283;288;295;295;298;298;304;324;340;350;353;354;368;386;422;425;426;427;434;437;438;444;452;454;454
9279;0;0;0;0;0;0;0;0;1;3;5;7;8;10;13;13;14;19;24;31;37;39;42;49;59;70;79;91;94;96;97;100;112;126;132;138;141;143;151;153;156;161;165;166;166;167;171;174;176;177;178;182;182;183;186;189;189;189;189;189;192;195;195;195
9361;0;0;0;0;0;0;0;0;0;0;0;0;1;1;1;2;2;2;2;2;4;6;6;7;7;7;10;10;14;19;19;23;27;37;37;38;44;44;48;48;52;58;58;59;59;61;61;63;66;67;68;68;69;69;69;70;71;71;71;71;72;72;72;72
9362;0;0;0;0;0;0;0;0;0;0;1;4;8;13;13;18;23;38;55;63;72;81;86;93;109;117;131;138;143;151;168;192;207;224;250;270;278;293;305;313;324;326;330;330;336;343;358;360;366;367;372;376;386;395;401;401;401;405;408;410;414;414;414;414
9363;0;0;0;0;0;0;0;0;0;1;3;3;6;6;6;7;7;8;9;11;20;20;22;31;40;47;55;61;66;70;80;92;107;125;135;141;142;158;179;185;190;192;201;205;218;225;239;247;248;251;253;262;269;270;276;280;280;280;290;291;293;296;296;296
9371;0;0;0;0;0;0;0;0;0;3;4;4;7;7;9;13;15;17;18;18;24;27;31;36;44;47;55;55;58;73;83;101;120;139;139;147;181;202;274;275;304;319;325;325;331;338;351;371;397;404;406;414;421;425;433;434;438;440;442;442;445;446;448;448
9372;0;0;1;1;7;7;11;11;19;19;20;21;22;23;27;29;37;48;63;74;85;96;104;111;129;150;180;192;202;210;235;255;283;294;302;313;318;329;340;350;352;352;352;352;360;365;371;375;379;380;380;381;381;383;395;395;396;400;402;403;404;404;404;404
9373;0;0;0;0;0;0;0;0;0;2;2;2;5;5;5;13;18;19;25;27;30;35;36;43;51;65;69;80;87;96;108;119;131;138;146;157;159;166;178;193;201;203;203;238;240;245;255;268;268;282;290;303;305;316;328;328;338;340;342;346;346;346;346;353
9374;0;0;0;0;0;0;0;0;0;0;0;0;1;1;1;1;2;7;10;10;25;29;32;56;71;98;124;179;184;216;249;297;339;371;403;416;428;474;520;540;549;563;570;578;591;611;624;652;664;670;670;691;708;725;733;744;747;747;753;768;771;773;773;773
9375;0;0;0;0;0;0;1;1;4;6;6;8;9;15;15;22;24;39;47;56;68;77;79;86;97;109;123;139;145;151;163;188;205;225;244;261;271;294;305;309;323;324;331;331;339;346;360;362;369;370;370;374;380;385;386;386;386;390;394;395;400;400;400;400
9376;0;0;0;0;0;0;0;1;1;4;6;7;8;9;12;13;17;21;23;39;39;39;53;69;70;74;81;113;117;127;156;189;211;244;252;253;273;288;334;334;343;344;347;354;356;366;385;404;412;412;416;418;423;427;430;430;430;430;430;433;434;434;434;434
9377;0;0;0;0;0;0;0;0;0;1;3;6;10;18;18;30;42;46;62;71;139;150;181;212;244;257;346;401;419;474;506;609;673;727;760;760;826;884;909;936;951;962;962;992;1008;1028;1041;1052;1066;1071;1077;1081;1086;1091;1100;1101;1101;1106;1111;1113;1114;1114;1118;1118
9461;0;0;0;0;0;0;0;0;0;0;0;1;1;2;3;3;8;11;23;24;27;28;29;33;39;54;60;62;64;69;76;81;85;87;102;105;111;116;122;127;128;129;129;133;147;149;151;153;155;168;170;171;174;176;178;179;179;179;180;182;185;186;187;187
9462;0;0;0;0;0;0;0;0;0;0;0;0;0;0;0;0;0;2;4;5;7;7;9;18;20;36;44;45;48;54;61;63;73;86;93;96;105;114;132;136;137;140;143;147;153;156;160;160;166;166;166;167;173;176;182;183;183;184;188;188;189;190;193;193
9463;0;0;0;0;0;0;0;0;0;0;0;0;0;0;0;1;1;3;3;6;9;11;11;12;16;16;17;20;23;23;23;24;25;25;29;29;29;29;35;35;35;35;35;41;41;43;43;46;47;47;48;49;49;49;51;51;51;51;51;51;51;53;54;57
9464;0;0;0;0;0;0;1;1;1;1;1;1;1;1;3;4;5;8;8;10;11;11;13;15;19;20;24;26;33;39;43;48;52;60;60;60;64;65;66;71;76;78;84;85;86;89;90;92;93;94;94;97;97;99;99;99;99;100;101;102;102;102;102;102
9471;0;0;0;0;0;0;0;0;0;0;1;1;5;8;9;9;10;14;38;42;46;48;61;86;108;139;149;159;162;177;186;212;232;245;268;270;293;307;318;326;327;330;330;339;347;348;351;357;360;361;364;366;368;369;375;376;380;380;381;381;386;386;386;387
9472;0;0;0;0;0;0;0;0;0;4;4;5;5;5;5;6;7;9;14;20;26;26;34;42;45;78;90;95;104;108;116;129;150;176;181;190;206;218;247;256;266;271;282;288;304;311;334;339;346;354;355;357;365;372;374;375;377;381;383;383;387;389;391;391
9473;0;0;0;0;0;0;0;0;0;0;0;0;0;3;4;7;7;9;14;16;18;21;22;26;33;35;38;45;49;51;53;59;67;67;78;87;88;91;96;96;96;96;96;136;139;145;151;153;154;154;159;161;163;163;174;174;183;186;186;186;191;196;197;199
9474;0;0;0;0;0;0;0;0;0;1;2;4;4;4;4;8;8;14;18;20;23;26;30;34;37;67;75;79;85;89;103;114;124;134;145;146;147;154;161;165;169;174;175;176;181;190;191;192;195;195;195;195;196;196;196;196;196;197;197;197;197;197;198;198
9475;0;0;0;0;0;0;0;0;0;0;1;1;2;3;4;6;6;9;19;30;33;34;48;56;63;72;76;89;103;111;117;133;165;182;197;201;220;241;247;252;255;263;279;282;284;299;304;314;316;330;335;346;347;367;373;375;376;378;381;387;389;401;402;403
9476;0;0;0;0;0;0;0;0;0;0;0;0;2;2;2;3;4;4;9;13;13;16;20;24;27;33;43;48;49;50;51;51;57;60;66;68;68;68;76;82;86;89;89;90;90;93;98;101;109;109;111;117;120;122;122;124;124;125;126;129;130;131;133;134
9477;0;0;0;0;0;0;0;0;0;0;0;1;1;1;1;1;12;12;12;14;21;21;28;38;43;63;71;73;73;75;75;82;94;105;111;115;115;125;133;137;140;149;154;159;162;165;169;173;177;178;178;178;186;187;189;194;194;197;206;212;216;221;222;222
9478;0;0;0;0;0;0;0;0;0;0;0;0;1;1;1;1;5;5;7;7;20;21;23;27;39;48;57;70;77;79;88;92;112;120;130;130;133;137;142;145;146;146;156;157;161;162;164;167;171;174;184;188;189;191;192;193;193;193;194;198;200;200;201;202
9479;0;0;0;0;0;0;0;0;0;0;0;0;0;0;2;11;17;20;23;30;54;66;78;87;115;131;163;196;205;220;257;285;307;373;414;425;437;455;491;511;517;524;530;538;546;556;565;570;572;575;578;583;586;590;603;604;606;610;611;615;618;618;618;619
9561;0;0;0;0;0;0;0;0;0;0;0;0;0;0;1;1;1;4;4;8;8;8;10;10;14;23;24;26;26;27;30;39;42;45;54;63;66;74;78;83;85;86;86;87;88;89;92;98;99;101;105;108;112;114;114;118;123;124;126;126;127;127;127;128
9562;1;1;1;4;4;4;4;4;4;4;7;7;9;10;10;10;15;18;20;23;25;29;31;42;51;56;60;66;67;70;77;90;103;116;124;133;137;146;157;167;170;172;172;185;190;198;205;209;210;212;213;216;219;220;226;227;228;230;237;238;238;238;243;243
9563;1;1;1;1;1;1;1;2;2;6;6;6;7;8;9;12;16;22;24;26;29;29;34;38;48;78;96;107;111;122;127;137;172;191;192;206;215;234;239;247;257;262;265;265;274;279;290;295;299;302;318;327;334;340;342;344;344;346;350;351;354;355;356;356
9564;2;2;4;5;5;5;5;5;11;14;15;20;21;24;24;27;33;50;60;66;84;84;98;131;167;182;192;219;228;253;273;300;353;386;442;446;484;530;564;615;637;662;676;684;708;731;758;767;798;808;813;832;848;854;868;881;886;889;903;925;929;935;938;939
9565;1;1;1;1;1;1;1;1;1;1;1;3;3;3;4;4;6;7;10;11;11;11;12;15;19;20;23;30;39;41;42;43;45;48;53;54;56;60;63;64;64;66;68;68;68;69;70;71;71;72;72;73;74;74;74;75;75;75;76;76;77;77;77;77
9571;0;0;0;0;0;0;0;0;0;0;0;0;0;0;4;4;7;10;11;19;40;42;45;52;76;97;116;138;141;145;156;194;213;237;255;261;270;286;310;322;340;347;353;359;363;384;402;411;423;441;450;463;478;486;498;507;509;516;521;525;534;535;537;538
9572;0;0;0;2;2;2;2;2;3;3;5;7;7;8;8;8;8;15;19;22;31;31;31;40;45;52;62;64;66;73;80;96;108;125;132;136;140;147;157;165;170;173;174;175;178;179;183;187;188;188;190;191;193;196;198;198;198;199;199;199;199;199;201;202
9573;0;0;0;0;0;0;2;2;2;2;3;3;3;4;4;6;7;20;20;25;32;44;61;82;96;109;139;148;163;196;247;259;281;321;322;341;350;357;363;383;387;390;391;391;405;411;417;427;428;430;442;446;448;451;454;454;459;460;462;463;465;466;466;466
9574;0;0;0;0;0;0;0;0;0;0;0;1;2;2;6;7;11;17;25;39;52;60;68;80;105;129;145;145;150;177;207;246;277;310;325;336;356;383;415;440;446;467;471;482;501;509;521;526;541;544;556;564;571;577;579;583;584;585;585;587;589;590;591;591
9575;0;0;0;0;0;0;0;0;2;4;4;4;4;4;4;4;4;4;7;10;11;20;22;25;32;36;45;51;55;56;65;73;75;88;95;105;109;111;114;119;126;143;143;152;155;163;169;194;202;204;204;206;209;209;210;213;213;213;213;213;214;214;215;215
9576;0;0;1;1;1;1;1;1;3;4;4;5;6;7;7;8;11;14;20;28;34;44;50;55;74;87;103;112;114;118;135;167;187;200;213;216;220;226;237;245;251;255;257;258;264;272;272;278;279;279;279;282;282;284;284;285;285;285;287;287;287;287;287;287
9577;0;0;0;0;0;0;0;0;0;0;1;2;2;2;2;2;2;7;8;12;20;24;28;35;47;64;79;88;88;94;104;128;136;142;155;158;166;180;186;229;242;242;244;247;249;252;253;259;260;262;266;268;274;275;278;283;284;284;290;290;292;293;294;296
9661;0;0;0;0;0;0;0;1;1;1;4;4;16;17;18;19;19;20;23;25;27;29;29;31;34;41;46;47;48;55;62;63;67;73;78;79;85;86;88;89;91;92;93;94;97;98;99;99;99;100;100;100;101;103;105;107;108;108;108;109;109;110;110;110
9662;0;0;0;0;0;0;0;0;0;0;0;0;0;0;0;0;2;2;4;4;4;7;10;11;15;19;25;51;52;54;56;61;66;71;78;88;90;93;100;106;113;119;121;123;126;127;132;134;136;138;139;141;146;153;154;157;157;157;161;165;168;168;169;169
9663;0;0;0;1;1;1;1;1;3;7;8;11;20;27;41;52;56;62;75;100;119;124;139;154;163;194;210;235;242;251;287;301;310;323;345;353;364;369;373;387;392;401;417;418;421;426;432;439;441;443;445;448;452;453;453;455;455;455;456;456;456;456;456;456
9671;0;0;0;0;0;0;0;0;0;0;1;3;8;13;13;20;27;34;38;45;57;61;70;80;96;109;123;134;139;159;188;202;217;247;270;272;289;303;319;334;368;375;379;381;401;420;431;440;443;445;447;452;462;466;474;476;477;477;479;486;488;490;490;490
9672;0;0;0;1;1;1;1;1;1;1;3;3;3;3;3;3;7;9;9;14;16;20;22;26;33;36;54;62;66;71;94;105;113;122;125;126;128;143;149;153;153;165;166;174;188;194;198;206;209;210;211;212;213;214;219;223;223;226;227;227;232;234;234;234
9673;0;0;0;0;0;0;0;0;0;0;0;2;2;2;2;3;4;4;9;11;14;16;20;22;25;31;34;37;39;41;46;52;59;67;76;78;80;83;98;103;110;114;120;122;128;133;134;136;138;142;146;150;155;163;169;176;177;179;185;185;187;187;188;189
9674;0;0;0;0;0;0;0;0;0;0;1;4;5;6;6;8;9;11;13;16;18;18;23;26;31;35;41;49;52;62;68;74;79;81;87;89;91;95;99;101;102;105;105;107;110;116;120;121;134;135;136;139;142;143;145;145;145;147;148;149;151;152;153;153
9675;0;0;0;0;0;0;0;0;0;1;1;3;5;5;5;6;6;11;12;12;14;15;15;19;19;25;27;27;27;27;35;38;44;56;60;63;65;74;78;80;84;86;87;88;88;91;93;95;95;100;110;125;128;136;141;143;151;164;168;172;174;176;176;183
9676;0;0;0;0;0;0;0;0;0;0;0;1;1;4;4;5;9;15;23;28;38;47;51;55;61;71;77;87;98;106;122;136;150;155;171;175;182;186;201;205;225;229;230;230;231;238;239;243;245;245;246;247;252;255;257;257;260;261;268;272;272;273;275;276
9677;0;0;0;0;0;0;0;0;1;1;1;2;5;5;5;7;7;8;11;11;13;14;18;26;34;39;47;53;60;61;71;73;81;87;98;104;106;109;110;117;120;123;128;129;129;130;134;135;137;138;138;138;140;141;141;142;142;143;143;143;144;144;144;144
9678;0;0;0;0;0;0;0;0;0;0;2;3;4;6;8;10;18;24;25;30;38;44;54;58;69;73;77;118;122;130;143;158;178;192;216;227;247;254;281;316;325;343;344;344;352;356;363;375;388;392;396;409;422;427;432;444;444;445;449;451;455;456;456;456
9679;0;0;0;0;0;0;0;0;2;5;5;6;13;14;15;17;21;31;40;60;79;83;99;118;129;139;169;184;193;206;219;232;248;261;283;292;300;304;317;333;336;344;345;354;364;367;373;381;382;384;392;392;396;398;398;398;398;398;401;402;402;402;402;402
9761;0;0;0;0;1;1;1;1;2;4;5;10;10;10;17;18;25;29;38;43;49;62;74;86;100;120;127;148;161;173;181;185;213;228;237;246;263;277;287;294;302;302;303;304;305;319;324;332;345;348;350;351;355;361;364;366;366;368;368;371;375;376;377;378
9762;0;0;0;0;0;0;0;0;0;0;1;1;1;1;1;4;4;4;5;5;6;6;8;10;12;15;22;29;30;32;37;40;44;50;53;58;60;63;65;68;68;73;74;75;77;83;86;90;90;90;90;90;93;94;96;96;96;96;98;99;100;100;100;100
9763;0;0;0;0;1;1;1;1;3;3;3;4;5;12;14;15;16;16;18;18;19;19;21;24;29;29;34;37;40;42;43;44;48;50;52;55;55;59;65;66;82;87;87;89;90;93;94;95;97;97;100;100;100;101;101;101;101;101;101;101;101;101;101;101
9764;0;0;0;0;0;0;0;0;0;0;0;0;1;1;1;3;3;8;11;16;17;17;20;22;23;25;27;27;27;29;30;35;38;40;40;40;40;40;40;40;40;44;45;45;46;46;47;47;47;47;48;48;48;48;49;49;49;49;49;49;50;50;50;51
9771;0;0;1;1;1;1;1;1;1;2;2;5;7;7;7;10;13;18;20;25;31;33;43;53;74;91;97;109;115;121;133;139;153;163;171;172;180;198;211;216;226;227;227;237;244;246;251;259;259;261;261;263;268;268;271;273;273;274;275;276;278;278;278;278
9772;0;0;0;0;0;0;0;0;0;0;16;17;27;27;27;28;36;47;53;58;74;78;83;108;127;141;153;167;174;188;200;209;229;242;258;261;278;289;299;309;315;323;326;327;329;335;341;341;343;345;346;347;352;357;361;363;363;364;364;364;366;367;367;367
9773;0;0;0;0;0;0;0;0;0;0;0;0;0;0;0;0;0;1;6;6;8;17;17;17;23;26;33;38;48;48;54;63;76;82;91;91;92;98;104;111;111;139;161;163;167;174;178;192;192;199;201;202;212;215;219;228;228;229;234;246;249;249;249;249
9774;0;0;0;0;0;0;0;0;0;0;0;1;2;2;2;2;3;3;12;12;12;12;14;17;35;54;57;77;89;90;109;120;124;127;138;138;146;153;154;172;174;177;179;184;189;196;204;205;209;210;211;213;214;216;217;217;217;219;222;222;222;225;225;225
9775;0;0;0;2;2;2;2;2;2;2;3;3;7;9;9;10;16;18;26;31;52;62;66;69;81;97;108;121;125;133;155;184;203;210;224;230;248;271;287;295;300;313;314;320;335;359;375;378;380;382;383;386;386;399;402;406;407;408;408;408;410;410;410;410
9776;0;0;0;0;0;0;0;0;5;6;6;8;12;12;19;19;21;23;35;37;49;51;53;67;77;90;97;99;117;125;128;138;163;172;184;186;190;198;204;215;217;220;222;225;226;227;233;235;235;236;237;237;237;238;238;238;239;239;239;239;239;239;240;240
9777;2;3;3;3;4;4;4;5;5;5;7;8;10;10;10;14;16;16;22;26;39;41;53;68;80;89;110;126;137;146;178;207;249;268;288;303;310;326;355;373;394;419;427;431;433;452;458;469;472;472;473;476;480;482;483;483;483;483;486;488;488;488;488;488
9778;0;0;0;0;0;0;0;0;0;0;3;3;9;14;17;19;20;23;31;36;42;49;54;62;77;94;102;114;124;128;136;146;160;174;183;187;196;216;219;224;227;232;234;234;238;245;247;252;253;256;257;262;264;266;266;267;267;267;268;268;268;268;268;268
9779;0;0;0;0;0;0;0;0;3;4;4;4;4;4;4;10;10;11;13;14;18;22;27;38;53;58;66;76;84;89;95;115;133;163;183;210;223;234;252;253;258;258;259;259;264;275;277;283;288;291;291;298;306;315;318;325;326;328;330;331;334;334;334;335
9780;0;0;0;1;1;1;1;1;4;4;4;9;10;12;13;18;19;24;29;34;42;42;45;56;64;64;77;86;90;96;99;105;108;120;123;126;138;143;146;147;151;152;152;152;153;158;159;162;163;163;163;166;166;166;167;167;167;167;167;167;167;167;167;167
10041;0;0;0;0;0;0;0;0;1;1;8;10;13;21;26;36;37;58;84;99;110;120;151;164;182;194;218;262;290;318;386;445;563;579;617;682;721;754;841;904;965;970;977;987;998;1019;1048;1061;1076;1077;1090;1109;1130;1139;1151;1157;1171;1171;1186;1200;1209;1218;1218;1220
10042;0;0;0;0;0;0;0;1;1;1;1;2;2;2;2;3;4;4;4;5;6;20;22;24;28;36;40;44;50;54;61;63;70;84;111;118;125;133;148;157;162;165;166;167;169;174;174;177;179;180;181;181;184;186;187;188;188;188;188;190;190;190;192;192
10043;0;0;0;0;0;0;0;0;1;2;2;4;9;9;9;16;26;29;32;35;39;39;48;48;50;68;79;82;97;101;109;120;130;142;152;154;158;165;168;185;188;189;193;202;204;211;214;217;220;220;220;222;225;226;226;226;227;229;231;234;239;240;240;240
10044;0;0;0;0;0;0;0;0;1;2;4;4;9;9;14;16;23;35;35;38;45;46;55;57;68;83;94;105;123;138;169;193;223;236;280;294;310;331;361;386;401;407;412;414;422;432;447;454;461;461;462;475;485;492;498;505;506;507;508;513;515;517;517;518
10045;0;0;0;0;0;0;0;0;2;2;3;3;5;5;12;15;15;15;23;28;41;56;61;72;77;90;97;97;107;121;134;152;161;171;185;188;198;203;211;224;232;237;239;247;249;254;256;261;261;261;263;265;272;272;275;275;276;276;276;277;281;281;285;286
10046;0;0;0;0;0;0;0;0;0;0;0;10;11;15;15;16;17;20;23;29;32;39;42;46;54;59;63;71;71;75;75;86;91;97;104;104;107;111;120;123;123;125;126;126;129;132;133;133;133;133;133;134;134;135;135;135;135;137;137;140;153;153;153;153
12051;0;0;0;0;0;0;0;0;0;0;0;0;0;0;2;2;3;3;5;6;6;8;11;12;12;14;14;15;16;17;24;27;28;31;32;33;34;39;39;42;44;45;45;46;46;49;49;49;49;49;50;51;53;54;55;55;55;55;55;56;57;57;59;59
12052;0;0;0;0;0;0;0;0;0;0;3;8;12;13;13;16;17;17;20;20;20;24;27;28;28;29;29;29;31;31;31;32;34;34;34;34;34;34;34;35;35;35;35;39;39;39;39;39;39;39;39;39;39;39;39;39;39;39;39;39;39;39;39;39
12053;0;0;0;0;0;0;0;0;0;0;0;0;0;0;0;0;1;2;3;3;5;5;5;5;6;6;6;6;6;6;6;7;10;12;13;14;14;22;22;22;22;22;22;22;22;22;22;23;23;23;23;23;23;23;23;25;25;25;27;27;27;27;27;27
12054;0;0;0;0;0;0;0;0;0;0;0;0;0;0;0;0;10;13;23;32;32;32;41;48;58;64;80;80;80;113;131;149;170;210;210;210;240;275;338;347;396;418;433;433;435;459;477;518;518;518;529;533;538;548;569;569;570;573;583;585;591;595;598;598
12060;0;0;0;0;0;0;0;0;0;2;4;7;9;9;14;17;22;24;31;38;39;44;48;55;61;65;68;68;73;75;83;88;95;104;112;123;126;132;146;199;207;215;230;232;240;255;264;278;287;297;303;324;334;336;348;354;355;359;367;372;373;384;384;385
12061;0;0;0;0;0;0;0;0;0;0;0;1;1;3;5;9;14;14;18;24;26;26;30;33;44;48;58;63;71;77;97;103;111;116;117;120;124;128;136;140;141;143;143;144;148;149;154;157;158;160;160;162;163;165;171;175;179;181;197;197;197;197;197;197
12062;0;0;0;0;0;0;0;0;1;3;3;5;5;5;5;5;7;8;8;9;9;12;12;16;17;22;28;31;33;34;37;38;43;52;59;59;62;65;65;66;67;68;69;69;69;69;72;72;72;72;72;73;73;73;73;73;73;73;73;73;73;73;73;73
12063;0;0;0;1;1;1;1;3;4;4;4;5;7;7;7;8;9;9;9;16;20;20;22;26;34;40;46;51;53;56;71;77;89;95;103;105;106;115;123;125;128;129;132;132;135;136;138;142;142;142;144;147;149;150;150;151;151;155;155;158;158;160;162;162
12064;0;0;0;0;0;0;0;0;0;3;4;9;14;18;21;27;44;63;69;77;80;80;84;86;95;97;102;107;110;117;126;127;131;140;141;142;144;148;153;161;166;170;171;173;175;176;180;182;183;184;187;189;190;191;195;195;195;199;203;204;211;214;214;214
12065;3;3;3;3;3;3;3;3;3;3;3;4;6;6;8;11;16;22;28;42;42;43;45;57;65;79;91;100;101;106;117;124;131;138;140;141;148;152;156;158;158;163;164;165;170;172;176;200;228;230;237;244;255;258;259;259;259;261;264;270;271;271;271;271
12066;0;0;0;0;0;0;0;0;1;2;2;2;2;2;2;4;5;5;6;6;6;6;11;13;13;13;14;16;16;18;19;22;25;28;28;28;31;31;33;36;36;36;36;37;38;38;39;40;40;40;40;40;42;42;42;42;42;42;42;42;43;43;43;43
12067;0;0;0;0;0;0;0;0;0;1;2;3;4;6;11;11;14;23;33;36;41;43;45;49;51;60;65;72;74;76;78;79;80;82;83;83;83;89;89;93;93;95;97;97;99;99;99;102;103;103;107;108;109;110;114;117;117;118;118;121;122;124;126;126
12068;0;0;0;0;0;0;0;0;0;0;0;0;0;0;0;0;0;5;6;6;6;6;6;6;8;9;11;12;12;14;18;19;21;25;26;26;27;28;28;34;36;36;36;36;36;36;36;36;37;37;37;46;48;54;55;55;55;55;61;66;67;67;67;67
12069;0;0;0;0;0;0;0;0;0;0;0;4;6;6;8;8;11;16;19;23;28;31;38;41;56;65;69;71;73;85;109;121;160;188;192;198;210;218;224;235;235;237;241;241;256;273;282;291;294;303;322;331;340;349;387;396;396;402;407;412;419;419;422;423
12070;0;0;0;0;0;0;0;0;0;0;0;0;0;0;0;0;1;1;1;1;1;1;1;5;6;9;9;9;9;9;9;9;9;12;14;14;16;17;18;20;20;20;20;20;23;23;23;23;23;23;23;23;23;23;23;23;23;23;23;23;23;23;23;23
12071;0;0;0;0;0;0;0;1;2;2;3;5;8;10;10;12;19;20;22;23;23;23;29;29;35;38;41;43;43;45;46;47;48;49;49;49;51;51;51;51;51;51;51;51;52;52;52;52;53;53;54;54;54;54;57;57;58;63;63;63;63;63;63;63
12072;0;0;0;0;0;0;0;1;1;1;1;1;2;6;6;6;10;11;13;17;20;22;22;22;36;37;42;43;43;50;55;57;63;67;70;70;72;83;88;90;91;92;92;92;97;99;102;104;107;110;111;116;119;121;123;123;123;125;127;130;130;130;131;134
12073;0;0;0;0;0;0;0;0;0;0;0;0;0;0;0;0;1;4;4;4;4;4;4;5;5;8;9;10;10;18;18;21;22;22;22;22;23;24;24;24;27;28;29;29;29;29;29;31;32;32;33;35;35;35;35;35;35;35;35;35;35;35;35;35
13003;0;0;0;0;0;0;0;0;0;1;2;5;6;6;6;8;16;21;23;24;24;24;29;34;39;46;50;53;56;58;60;60;61;62;64;64;65;71;71;72;72;72;72;72;73;74;74;74;74;74;75;75;75;75;75;75;75;75;75;75;75;75;75;75
13004;0;0;0;0;0;0;0;0;0;0;1;2;4;4;4;7;11;19;29;33;33;33;38;47;47;53;56;60;62;62;70;72;74;75;76;76;76;83;83;85;85;85;85;85;85;87;88;88;89;89;89;89;89;89;90;90;90;90;90;90;90;90;90;90
13071;0;0;1;1;1;1;1;1;4;4;6;7;7;7;7;9;13;20;21;24;28;29;30;39;41;42;56;58;60;60;73;81;84;91;94;94;94;97;99;101;102;102;102;104;105;107;107;107;107;107;108;108;108;108;109;109;109;109;109;109;110;111;111;111
13072;0;0;0;0;0;0;0;2;3;3;6;7;10;11;11;11;12;14;16;18;18;18;18;21;24;25;25;26;27;30;32;33;40;42;45;45;45;46;50;52;52;54;54;54;54;54;54;54;54;54;54;54;54;54;54;55;55;55;57;59;61;62;64;64
13073;0;0;1;2;2;2;2;2;2;2;3;5;6;6;6;6;6;9;12;13;15;15;15;18;24;26;32;33;36;36;43;52;56;58;59;61;62;64;64;68;70;74;74;74;74;74;75;76;76;76;76;76;76;76;76;77;77;77;78;80;80;80;80;80
13074;0;0;0;0;0;0;0;0;0;0;0;0;0;0;0;3;8;13;17;17;18;18;18;21;24;24;25;28;28;28;36;38;44;51;51;51;51;54;55;59;60;60;63;63;63;64;67;67;68;68;68;69;70;70;71;73;73;73;76;76;76;77;77;77
13075;0;2;2;2;2;2;2;2;2;2;2;3;4;4;4;8;9;17;26;27;29;29;31;33;37;43;54;56;56;62;68;69;73;80;81;81;84;93;94;95;101;108;108;109;110;113;114;117;120;120;120;121;124;124;126;128;128;129;135;135;135;135;135;135
13076;0;0;0;0;0;0;0;0;0;0;0;0;1;1;2;2;10;15;18;22;24;24;24;27;28;29;32;37;37;39;43;43;45;49;53;53;53;57;57;57;58;58;58;59;59;61;64;64;65;65;65;65;65;65;66;67;67;67;68;68;69;70;70;70
14511;0;0;0;0;0;0;0;0;0;3;3;3;6;6;10;14;17;23;32;44;51;54;58;60;63;72;86;88;100;105;114;126;133;142;145;146;148;153;159;165;166;169;173;178;178;182;185;185;187;188;189;190;190;190;191;192;192;192;192;192;194;194;194;194
14521;0;0;0;0;0;0;0;0;0;0;0;0;2;2;7;9;13;22;32;37;49;53;58;62;71;83;98;103;108;122;161;185;268;279;292;304;324;330;357;366;402;412;421;427;433;439;451;453;468;471;473;477;485;492;501;503;512;513;513;517;520;521;526;527
14522;0;0;0;0;0;0;0;0;0;0;0;0;4;5;5;8;11;16;24;31;36;37;41;52;59;71;81;96;101;106;118;131;145;160;166;169;177;183;200;205;212;221;222;222;230;231;238;238;241;241;241;241;241;241;241;243;243;245;245;246;247;247;247;247
14523;0;0;0;0;0;0;0;0;0;0;0;0;0;0;2;2;3;8;15;24;32;32;44;62;82;87;93;106;107;114;119;128;134;150;160;167;178;188;195;204;214;217;256;258;268;270;275;277;279;280;285;288;298;300;305;307;312;312;317;323;337;347;358;361
14524;0;0;0;0;0;0;0;0;0;0;0;1;4;11;15;18;37;69;110;136;157;163;183;213;243;264;291;325;340;352;377;401;443;483;507;508;512;532;573;578;597;610;619;636;656;665;684;688;697;705;705;714;722;728;737;740;740;744;752;762;764;769;770;775
14612;0;0;0;0;0;0;2;2;3;5;9;16;23;34;38;43;60;76;104;125;160;160;177;218;231;266;302;326;335;354;373;394;404;429;449;453;457;467;478;485;485;489;493;494;499;506;509;526;526;527;530;538;542;543;548;551;556;556;559;564;567;568;569;570
14625;0;0;0;0;1;1;1;5;5;10;12;14;17;18;19;21;31;43;49;66;78;88;94;107;118;139;152;168;169;178;188;192;199;205;209;213;213;226;237;242;261;277;284;287;288;296;307;315;317;319;324;328;336;339;344;345;345;345;348;352;356;356;357;357
14626;0;0;0;0;0;0;0;0;1;6;6;7;7;7;7;9;11;15;23;26;28;28;31;33;55;59;62;68;69;75;84;97;103;160;175;178;185;202;210;218;222;223;224;225;228;235;241;242;246;246;252;252;254;255;255;255;257;258;259;264;264;266;266;266
14627;0;0;0;0;0;0;0;0;0;2;4;5;9;10;10;12;14;18;19;23;28;28;32;39;44;55;64;70;74;86;93;101;114;122;127;128;134;145;156;162;169;174;176;176;176;181;189;191;194;194;197;208;208;211;214;215;215;220;220;220;221;221;221;221
14628;1;1;1;1;1;1;1;1;1;2;4;8;12;13;13;13;16;28;37;47;54;64;81;92;108;118;134;145;152;178;193;204;214;226;240;255;261;272;282;285;289;292;296;299;303;305;313;313;315;316;319;320;324;328;330;330;330;330;333;333;333;333;334;334
14713;0;0;0;0;1;1;1;2;2;4;6;16;19;31;41;54;73;90;109;129;140;154;173;189;218;242;263;280;292;313;332;350;367;397;414;425;431;442;448;458;469;476;483;486;490;494;511;515;519;524;526;529;534;537;541;548;548;554;562;565;567;569;571;571
14729;0;0;0;0;0;0;0;0;3;4;8;9;11;11;11;16;19;21;27;31;36;36;48;49;62;69;81;89;90;90;97;110;115;123;129;132;137;145;146;169;174;175;176;176;178;178;179;180;180;180;181;184;185;185;185;185;185;185;186;187;187;187;187;187
14730;0;0;0;0;0;0;0;0;0;0;0;2;2;2;2;2;3;8;10;13;14;17;17;19;23;23;29;34;34;34;38;55;58;71;73;74;75;89;92;94;101;103;103;103;112;114;117;121;122;123;124;126;127;131;132;132;132;132;133;133;134;134;134;134
15001;0;0;0;0;0;0;0;0;0;0;0;0;0;0;0;2;3;4;5;9;10;10;12;15;16;16;20;20;20;20;20;20;23;29;31;35;35;41;41;47;47;50;53;53;53;54;56;57;59;59;61;61;61;61;61;63;63;63;64;64;65;65;65;65
15002;0;0;0;0;0;0;0;0;0;2;5;9;12;14;14;19;24;40;43;61;65;70;77;84;95;101;117;134;140;167;174;183;193;202;209;210;215;228;237;242;243;254;256;258;262;270;272;273;275;279;281;284;288;300;303;308;310;310;311;322;322;325;325;325
15003;0;0;0;0;0;0;0;0;0;1;4;6;11;11;11;16;20;27;29;39;39;39;51;56;59;66;72;72;72;79;84;87;87;88;88;88;89;90;91;91;92;93;94;95;96;97;97;100;100;101;101;102;102;102;102;103;103;103;104;104;104;104;106;106
15081;0;0;0;0;0;0;0;0;0;0;0;1;1;1;1;3;3;3;3;3;3;4;8;9;10;10;12;12;12;14;15;16;17;17;19;20;21;23;25;27;28;28;28;28;28;30;30;30;30;30;30;30;30;30;30;31;31;31;32;32;32;32;32;32
15082;0;0;0;0;0;0;0;0;0;0;1;2;2;2;2;6;6;6;8;9;9;9;16;17;23;27;30;30;32;37;37;38;39;41;43;48;48;48;49;49;50;50;50;50;50;50;53;54;54;57;59;63;65;65;65;68;68;68;68;68;68;69;69;69
15083;0;0;0;0;0;0;0;0;0;0;2;3;3;3;3;13;17;22;25;29;29;35;40;43;44;46;49;49;49;55;57;60;61;66;67;69;69;76;77;82;86;86;88;90;95;95;98;101;102;103;103;114;118;120;130;131;131;133;138;138;139;140;141;142
15084;0;0;0;0;0;0;0;0;0;1;1;1;2;2;2;6;7;12;14;15;15;15;18;19;24;25;26;26;26;30;33;33;39;41;42;43;44;44;51;56;56;57;57;58;62;62;65;66;68;68;70;73;75;82;87;87;88;88;88;89;90;91;91;91
15085;0;0;0;0;0;0;0;0;0;0;0;2;2;2;2;2;8;8;14;14;14;14;22;25;29;35;42;44;46;50;63;63;68;73;75;92;105;109;122;126;137;141;141;141;150;153;162;207;218;222;222;225;226;229;231;234;234;238;239;240;242;244;244;246
15086;0;0;0;0;0;0;0;0;0;0;0;0;1;1;1;1;1;3;3;4;4;4;7;10;13;16;16;16;16;18;20;20;20;22;25;25;26;27;28;28;28;28;28;28;29;29;30;31;31;31;31;32;32;33;33;33;33;33;33;33;33;33;33;33
15087;0;0;0;0;0;0;0;0;0;0;1;1;1;1;1;1;3;3;6;6;11;11;11;12;12;14;15;15;15;19;23;23;26;28;29;29;29;29;31;32;33;34;34;34;34;34;34;34;34;34;35;35;35;35;35;35;36;36;36;36;37;37;38;38
15088;0;0;0;0;0;0;0;0;0;1;1;1;1;1;1;3;4;6;12;14;19;21;22;39;41;45;49;55;55;58;63;71;77;80;83;84;85;86;90;94;96;96;97;99;100;100;100;102;103;103;106;106;106;106;107;107;107;107;107;108;111;113;114;114
15089;0;0;0;0;0;0;0;0;0;1;6;7;8;8;8;8;8;8;13;19;21;21;27;31;33;37;37;38;39;39;41;44;45;48;51;54;56;58;59;59;59;59;60;60;60;60;60;61;62;62;62;62;63;63;63;63;63;63;64;64;65;65;65;65
15090;0;0;0;0;0;0;0;0;0;0;0;0;0;0;0;1;5;5;7;10;10;10;12;18;22;25;40;51;52;52;55;59;62;63;64;65;66;66;67;70;71;74;75;75;75;79;80;82;85;85;85;88;90;92;94;97;97;97;99;101;103;104;104;105
15091;0;0;0;0;0;0;0;0;0;0;0;2;2;2;2;2;3;3;10;11;11;11;17;24;32;45;61;66;73;81;89;93;98;101;107;113;113;121;126;130;132;137;139;142;142;145;146;146;146;148;149;150;150;152;152;152;153;153;153;153;153;153;153;153
16051;0;0;0;0;0;0;1;1;1;2;2;2;4;10;10;16;16;17;26;28;29;30;43;53;61;67;72;75;77;77;82;87;89;92;94;95;97;103;107;108;110;110;112;113;115;117;120;121;121;122;122;125;129;131;131;132;132;133;133;133;133;133;134;134
16052;0;0;0;0;0;0;0;0;0;0;1;1;1;1;1;1;2;4;4;4;4;4;6;7;7;8;14;19;19;19;19;23;31;33;33;33;34;37;39;48;48;50;55;55;66;74;79;80;88;91;94;109;115;124;133;134;137;140;148;151;158;159;163;163
16053;0;0;0;0;0;0;0;0;0;0;0;0;0;8;8;11;22;29;39;60;71;80;85;87;91;95;98;113;115;118;121;125;130;134;138;141;142;147;151;154;154;154;155;155;155;155;155;155;155;155;155;155;155;157;157;158;158;158;158;158;158;158;158;158
16054;0;0;0;0;0;0;0;0;0;0;0;0;1;1;1;1;1;1;1;2;4;4;4;5;5;5;5;6;6;7;7;7;8;9;10;10;11;11;11;11;11;11;11;11;11;12;12;13;13;13;13;13;13;13;13;13;13;13;13;13;13;13;13;13
16055;0;0;0;0;0;0;0;0;0;1;1;1;1;1;1;2;6;7;7;10;10;10;13;16;20;23;24;29;29;29;29;34;38;43;43;46;48;51;52;55;55;55;58;58;58;58;58;58;58;58;58;59;59;60;60;61;61;61;61;61;63;63;63;63
16056;0;0;0;0;0;0;0;0;0;1;1;1;1;1;1;1;1;1;1;1;1;1;1;2;3;4;4;4;4;4;6;6;7;8;8;8;9;9;10;12;12;12;12;12;13;13;13;13;13;14;14;14;15;16;16;16;16;16;20;21;21;21;22;22
16061;0;0;0;0;0;0;0;0;0;0;0;0;1;2;3;3;3;3;4;8;18;19;20;30;37;40;44;49;51;52;57;61;64;66;70;70;71;75;79;85;89;89;89;93;96;99;104;106;108;108;108;108;112;114;114;115;116;116;126;129;129;131;134;134
16062;0;0;0;0;0;0;0;0;0;0;0;0;2;2;2;2;2;2;2;3;3;3;6;6;7;9;11;12;13;15;15;16;20;20;21;21;21;26;27;29;30;33;38;38;39;43;44;46;51;52;53;53;53;56;56;57;57;58;58;59;59;59;59;59
16063;0;0;0;0;0;0;0;0;0;0;0;0;0;1;1;3;5;5;8;11;11;12;14;15;15;15;15;17;17;18;26;26;28;28;28;28;28;31;31;32;33;33;33;33;34;34;34;36;36;36;37;37;37;37;38;39;39;40;40;41;41;42;44;44
16064;0;0;0;0;0;0;0;0;0;0;0;0;0;0;0;1;2;2;5;5;5;5;6;7;8;10;10;10;11;16;19;21;26;31;35;35;35;41;43;47;47;52;52;52;55;57;61;61;62;62;64;65;68;68;70;70;70;70;74;75;76;76;76;76
16065;0;0;0;0;0;0;0;0;0;2;2;5;6;6;6;7;7;8;10;12;12;12;12;15;17;17;19;19;19;19;23;23;25;27;27;27;27;28;34;35;35;35;35;35;35;35;35;35;35;35;36;36;37;37;37;37;37;37;38;39;39;41;41;41
16066;0;0;0;0;0;0;0;0;0;0;0;1;2;2;2;2;5;8;11;15;15;15;17;21;23;27;30;31;31;31;33;33;34;35;37;37;37;43;49;53;55;55;55;57;61;66;70;71;73;73;75;76;82;88;90;90;90;92;94;96;99;99;99;99
16067;0;0;0;0;0;0;0;0;0;0;0;0;0;1;1;1;1;1;4;9;9;9;15;17;17;20;21;21;22;23;27;28;34;35;36;36;40;47;55;58;63;71;74;84;89;98;108;116;127;128;132;148;162;169;181;183;190;196;215;226;240;241;241;241
16068;0;0;0;0;0;0;0;0;0;0;0;0;0;0;0;0;0;0;2;3;4;6;8;9;13;19;22;22;22;22;23;26;28;28;28;29;29;30;31;32;32;32;32;32;32;32;33;33;33;33;33;36;36;36;36;36;36;36;36;36;36;37;37;37
16069;0;0;0;0;0;0;0;0;0;0;0;0;0;0;0;0;0;0;0;1;1;1;1;2;3;6;7;7;7;9;10;10;10;11;11;11;11;11;12;13;13;14;15;15;15;15;16;18;18;18;18;18;18;19;20;20;20;20;20;22;23;23;23;23
16070;0;0;0;0;0;0;0;0;0;1;1;1;1;1;1;1;2;3;4;8;10;11;13;21;30;39;51;55;55;58;65;65;74;80;93;93;97;98;100;102;102;102;102;103;103;104;107;110;112;112;113;119;120;120;121;121;121;121;121;121;121;122;123;123
16071;0;0;0;0;0;0;0;0;0;0;0;0;0;0;0;1;2;5;6;10;10;11;13;14;15;17;18;21;21;24;26;29;30;36;41;53;54;54;54;57;58;58;58;58;59;59;64;65;65;66;66;67;67;67;67;67;67;67;68;68;69;69;69;69
16072;0;0;0;0;0;0;0;0;0;0;0;0;0;0;0;0;0;0;0;5;5;6;6;9;11;14;16;20;20;22;30;32;33;35;36;36;37;39;44;47;47;49;50;51;53;54;57;59;61;61;72;74;77;82;86;89;90;94;104;107;112;113;114;114
16073;0;0;0;0;0;0;0;0;0;0;0;5;5;5;5;5;5;11;12;17;17;17;18;22;29;33;33;36;38;39;43;47;48;50;51;51;51;52;54;54;54;54;54;54;54;54;54;54;54;54;54;56;56;57;58;58;58;59;63;63;63;63;63;63
16074;0;0;0;0;0;0;0;0;0;1;1;3;3;3;3;3;4;7;13;14;17;17;17;17;20;21;22;27;27;28;30;31;35;41;41;45;46;47;48;49;50;50;50;50;50;50;50;50;50;50;50;51;53;55;55;55;55;56;56;56;58;58;59;59
16075;0;1;1;1;1;1;1;1;1;3;3;3;3;3;3;3;3;4;6;7;7;7;8;8;10;11;27;27;27;34;37;41;50;61;65;68;68;72;79;85;88;91;94;95;96;99;100;103;107;107;110;113;115;117;117;118;120;120;121;123;126;126;126;126
16076;0;0;0;0;0;0;0;0;0;0;0;0;0;1;1;3;7;15;22;30;36;45;51;58;77;94;102;112;121;123;134;145;157;166;173;185;192;205;212;225;230;233;242;243;251;253;285;292;302;310;316;335;343;364;377;389;396;403;414;424;445;449;454;455
16077;0;0;0;0;0;0;0;0;0;0;0;0;2;2;2;3;5;5;5;5;7;8;8;16;17;17;19;20;20;20;24;28;30;30;30;31;31;33;33;34;36;36;36;36;37;38;41;41;41;41;44;45;46;47;47;47;47;48;50;51;52;52;52;52
11000;0;5;8;20;25;25;26;37;59;93;135;182;243;272;298;361;455;600;779;948;1077;1145;1304;1504;1751;2037;2241;2438;2525;2692;2906;3093;3329;3568;3676;3753;3897;4099;4275;4448;4530;4617;4671;4731;4805;4918;5013;5133;5214;5246;5292;5368;5449;5534;5607;5659;5680;5735;5815;5885;5940;5964;5993;6025
