Infiziertenzahlen (RKI; nach Erkrankungsdatum; Stand 20.05.2020)
AGS;11.04.2020;25.04.2020
1001;33;33
1002;194;251
1003;135;159
1004;42;62
1051;52;54
1053;198;257
1054;64;77
1055;57;64
1056;468;529
1057;99;115
1058;196;229
1059;110;123
1060;184;213
1061;73;82
1062;236;386
2000;3813;4509
3101;271;299
3102;97;125
3103;249;282
3151;104;122
3153;113;184
3154;94;142
3155;63;106
3157;125;136
3158;109;164
3159;401;718
3241;1436;1830
3251;250;313
3252;94;115
3254;213;279
3255;95;104
3256;59;63
3257;118;142
3351;124;156
3352;75;95
3353;370;482
3354;14;17
3355;139;163
3356;68;79
3357;74;94
3358;55;66
3359;169;186
3360;33;41
3361;107;115
3401;29;41
3402;14;16
3403;142;156
3404;377;436
3405;15;19
3451;129;161
3452;74;84
3453;87;98
3454;298;383
3455;25;31
3456;172;217
3457;67;92
3458;181;207
3459;743;927
3460;271;306
3461;49;51
3462;20;24
4011;451;699
4012;26;39
5111;759;970
5112;560;789
5113;467;720
5114;283;470
5116;365;465
5117;130;165
5119;147;185
5120;161;210
5122;172;223
5124;549;782
5154;415;539
5158;622;810
5162;503;572
5166;463;599
5170;376;492
5314;508;634
5315;2022;2243
5316;158;191
5334;1516;1835
5358;447;543
5362;756;945
5366;272;340
5370;1576;1733
5374;370;444
5378;359;422
5382;892;1138
5512;87;143
5513;232;322
5515;584;628
5554;769;876
5558;446;490
5562;627;1002
5566;921;1183
5570;378;448
5711;296;380
5754;507;590
5758;279;317
5762;216;278
5766;521;695
5770;370;410
5774;467;566
5911;305;425
5913;539;641
5914;165;242
5915;309;428
5916;94;151
5954;320;375
5958;506;564
5962;342;517
5966;353;538
5970;212;274
5974;311;339
5978;388;588
6411;122;191
6412;844;1205
6413;55;82
6414;247;299
6431;262;298
6432;286;344
6433;298;393
6434;211;231
6435;399;590
6436;193;250
6437;182;320
6438;323;432
6439;179;191
6440;203;262
6531;186;214
6532;295;331
6533;216;254
6534;157;179
6535;100;120
6611;147;226
6631;262;296
6632;165;194
6633;197;309
6634;342;449
6635;112;142
6636;77;159
7111;212;246
7131;112;117
7132;104;143
7133;145;186
7134;67;81
7135;122;126
7137;315;339
7138;188;208
7140;138;162
7141;131;150
7143;270;325
7211;83;96
7231;112;128
7232;136;166
7233;95;109
7235;135;174
7311;31;39
7312;89;111
7313;50;55
7314;167;264
7315;357;491
7316;95;101
7317;26;30
7318;48;66
7319;137;173
7320;30;35
7331;133;192
7332;259;307
7333;87;114
7334;117;137
7335;87;97
7336;77;87
7337;133;144
7338;164;202
7339;287;376
7340;95;105
8111;1087;1305
8115;1159;1292
8116;1401;1646
8117;647;743
8118;1328;1597
8119;1005;1268
8121;341;403
8125;656;853
8126;657;739
8127;630;767
8128;292;349
8135;311;419
8136;846;1145
8211;140;176
8212;295;348
8215;755;888
8216;419;484
8221;255;274
8222;375;436
8225;192;342
8226;772;862
8231;95;246
8235;517;655
8236;314;528
8237;433;536
8311;846;938
8315;868;1060
8316;474;513
8317;812;1001
8325;429;576
8326;375;478
8327;358;466
8335;352;422
8336;477;610
8337;245;299
8415;939;1420
8416;1078;1207
8417;725;999
8421;220;252
8425;426;524
8426;420;511
8435;266;280
8436;474;523
8437;623;764
9161;295;386
9162;4547;5483
9163;285;423
9171;427;569
9172;203;265
9173;340;401
9174;634;830
9175;349;435
9176;189;258
9177;482;546
9178;837;922
9179;646;774
9180;208;257
9181;285;323
9182;457;490
9183;364;464
9184;1036;1201
9185;190;252
9186;282;321
9187;1549;1974
9188;452;500
9189;737;1082
9190;309;329
9261;228;263
9262;105;124
9263;229;356
9271;189;253
9272;131;172
9273;351;423
9274;523;620
9275;340;489
9276;123;149
9277;615;689
9278;295;426
9279;161;189
9361;58;70
9362;326;401
9363;192;280
9371;319;434
9372;352;395
9373;203;328
9374;563;744
9375;324;386
9376;344;430
9377;962;1101
9461;129;179
9462;140;183
9463;35;51
9464;78;99
9471;330;376
9472;271;375
9473;96;174
9474;174;196
9475;263;375
9476;89;124
9477;149;194
9478;146;193
9479;524;604
9561;86;118
9562;172;227
9563;262;344
9564;662;881
9565;66;75
9571;347;507
9572;173;198
9573;390;454
9574;467;583
9575;143;213
9576;255;285
9577;242;283
9661;92;107
9662;119;157
9663;401;455
9671;375;476
9672;165;223
9673;114;176
9674;105;145
9675;86;143
9676;229;257
9677;123;142
9678;343;444
9679;344;398
9761;302;366
9762;73;96
9763;87;101
9764;44;49
9771;227;273
9772;323;363
9773;139;228
9774;177;217
9775;313;406
9776;220;238
9777;419;483
9778;232;267
9779;258;325
9780;152;167
10041;970;1157
10042;165;188
10043;189;226
10044;407;505
10045;237;275
10046;125;135
12051;45;55
12052;35;39
12053;22;25
12054;418;569
12060;215;354
12061;143;175
12062;68;73
12063;129;151
12064;170;195
12065;163;259
12066;36;42
12067;95;117
12068;36;55
12069;237;396
12070;20;23
12071;51;57
12072;92;123
12073;28;35
13003;72;75
13004;85;90
13071;102;109
13072;54;55
13073;74;77
13074;60;73
13075;108;128
13076;58;67
14511;169;192
14521;412;503
14522;221;243
14523;217;307
14524;610;740
14612;489;551
14625;277;345
14626;223;255
14627;174;215
14628;292;330
14713;476;548
14729;175;185
14730;103;132
15001;50;63
15002;254;308
15003;93;103
15081;28;31
15082;50;68
15083;86;131
15084;57;87
15085;141;234
15086;28;33
15087;34;35
15088;96;107
15089;59;63
15090;74;97
15091;137;152
16051;110;132
16052;50;134
16053;154;158
16054;11;13
16055;55;61
16056;12;16
16061;89;115
16062;33;57
16063;33;39
16064;52;70
16065;35;37
16066;55;90
16067;71;183
16068;32;36
16069;14;20
16070;102;121
16071;58;67
16072;49;89
16073;54;58
16074;50;55
16075;91;118
16076;233;389
16077;36;47
11000;4617;5659
